50.000000, 30.000000, 20.000000, 41.776001, 2.000000, 0.066667, 0.000000, 40.000000, 1.776000, 0.000000 
50.000000, 30.000000, 20.000000, 42.220001, 2.000000, 0.066667, 0.000000, 40.000000, 2.220000, 0.000000 
50.000000, 30.000000, 20.000000, 42.664001, 2.000000, 0.066667, 0.000000, 40.000000, 2.664000, 0.000000 
50.000000, 30.000000, 20.000000, 43.108002, 2.000000, 0.066667, 0.000000, 40.000000, 3.108000, 0.000000 
50.000000, 30.000000, 20.000000, 43.552002, 2.000000, 0.066667, 0.000000, 40.000000, 3.552000, 0.000000 
50.000000, 30.000000, 20.000000, 43.995998, 2.000000, 0.066667, 0.000000, 40.000000, 3.996000, 0.000000 
50.000000, 30.000000, 20.000000, 44.439999, 2.000000, 0.066667, 0.000000, 40.000000, 4.440000, 0.000000 
50.000000, 30.000000, 20.000000, 44.883999, 2.000000, 0.066667, 0.000000, 40.000000, 4.884000, 0.000000 
50.000000, 30.000000, 20.000000, 45.327999, 2.000000, 0.066667, 0.000000, 40.000000, 5.328000, 0.000000 
50.000000, 30.500000, 19.500000, 44.760899, 2.000000, 0.066667, 0.000000, 39.000000, 5.760900, -0.000000 
50.000000, 30.500000, 19.500000, 45.193802, 2.000000, 0.066667, 0.000000, 39.000000, 6.193800, 0.000000 
50.000000, 30.500000, 19.500000, 45.626701, 2.000000, 0.066667, 0.000000, 39.000000, 6.626700, 0.000000 
50.000000, 30.500000, 19.500000, 46.059601, 2.000000, 0.066667, 0.000000, 39.000000, 7.059600, 0.000000 
50.000000, 30.500000, 19.500000, 46.492500, 2.000000, 0.066667, 0.000000, 39.000000, 7.492500, 0.000000 
50.000000, 31.000000, 19.000000, 45.914299, 2.000000, 0.066667, 0.000000, 38.000000, 7.914300, -0.000000 
50.000000, 31.000000, 19.000000, 46.336102, 2.000000, 0.066667, 0.000000, 38.000000, 8.336101, 0.000000 
50.000000, 31.000000, 19.000000, 46.757900, 2.000000, 0.066667, 0.000000, 38.000000, 8.757900, 0.000000 
50.000000, 31.000000, 19.000000, 47.179699, 2.000000, 0.066667, 0.000000, 38.000000, 9.179700, 0.000000 
50.000000, 31.500000, 18.500000, 46.590401, 2.000000, 0.066667, 0.000000, 37.000000, 9.590401, -0.000000 
50.000000, 31.500000, 18.500000, 47.001102, 2.000000, 0.066667, 0.000000, 37.000000, 10.001101, 0.000000 
50.000000, 31.500000, 18.500000, 47.411800, 2.000000, 0.066667, 0.000000, 37.000000, 10.411801, 0.000000 
50.000000, 31.500000, 18.500000, 47.822502, 2.000000, 0.066667, 0.000000, 37.000000, 10.822502, 0.000000 
50.000000, 32.000000, 18.000000, 47.222103, 2.000000, 0.066667, 0.000000, 36.000000, 11.222102, -0.000000 
50.000000, 32.000000, 18.000000, 47.621704, 2.000000, 0.066667, 0.000000, 36.000000, 11.621703, 0.000000 
50.000000, 32.000000, 18.000000, 48.021301, 2.000000, 0.066667, 0.000000, 36.000000, 12.021303, 0.000000 
50.000000, 32.000000, 18.000000, 48.420902, 2.000000, 0.066667, 0.000000, 36.000000, 12.420903, 0.000000 
50.000000, 32.500000, 17.500000, 47.809402, 2.000000, 0.066667, 0.000000, 35.000000, 12.809403, -0.000000 
50.000000, 32.500000, 17.500000, 48.197903, 2.000000, 0.066667, 0.000000, 35.000000, 13.197903, 0.000000 
50.000000, 32.500000, 17.500000, 48.586403, 2.000000, 0.066667, 0.000000, 35.000000, 13.586403, 0.000000 
50.000000, 32.500000, 17.500000, 48.974903, 2.000000, 0.066667, 0.000000, 35.000000, 13.974903, 0.000000 
50.000000, 33.000000, 17.000000, 48.352303, 2.000000, 0.066667, 0.000000, 34.000000, 14.352303, -0.000000 
50.000000, 33.000000, 17.000000, 48.729702, 2.000000, 0.066667, 0.000000, 34.000000, 14.729703, 0.000000 
50.000000, 33.000000, 17.000000, 49.107101, 2.000000, 0.066667, 0.000000, 34.000000, 15.107102, 0.000000 
50.000000, 33.000000, 17.000000, 49.484501, 2.000000, 0.066667, 0.000000, 34.000000, 15.484502, 0.000000 
50.000000, 33.500000, 16.500000, 48.850803, 2.000000, 0.066667, 0.000000, 33.000000, 15.850802, -0.000000 
50.000000, 33.500000, 16.500000, 49.217102, 2.000000, 0.066667, 0.000000, 33.000000, 16.217102, 0.000000 
50.000000, 33.500000, 16.500000, 49.583405, 2.000000, 0.066667, 0.000000, 33.000000, 16.583403, 0.000000 
50.000000, 33.500000, 16.500000, 49.949703, 2.000000, 0.066667, 0.000000, 33.000000, 16.949703, 0.000000 
50.000000, 34.000000, 16.000000, 49.304905, 2.000000, 0.066667, 0.000000, 32.000000, 17.304905, -0.000000 
50.000000, 34.000000, 16.000000, 49.660103, 2.000000, 0.066667, 0.000000, 32.000000, 17.660105, 0.000000 
50.000000, 34.000000, 16.000000, 50.015305, 2.000000, 0.066667, 0.000000, 32.000000, 18.015305, 0.000000 
50.000000, 34.000000, 16.000000, 50.370506, 2.000000, 0.066667, 0.000000, 32.000000, 18.370504, 0.000000 
50.000000, 34.500000, 15.500000, 49.714607, 2.000000, 0.066667, 0.000000, 31.000000, 18.714605, -0.000000 
50.000000, 34.500000, 15.500000, 50.058704, 2.000000, 0.066667, 0.000000, 31.000000, 19.058704, 0.000000 
50.000000, 34.500000, 15.500000, 50.402805, 2.000000, 0.066667, 0.000000, 31.000000, 19.402805, 0.000000 
50.000000, 34.500000, 15.500000, 50.746902, 2.000000, 0.066667, 0.000000, 31.000000, 19.746904, 0.000000 
50.000000, 35.000000, 15.000000, 50.079903, 2.000000, 0.066667, 0.000000, 30.000000, 20.079905, -0.000000 
50.000000, 35.000000, 15.000000, 50.412903, 2.000000, 0.066667, 0.000000, 30.000000, 20.412905, 0.000000 
50.000000, 35.000000, 15.000000, 50.745903, 2.000000, 0.066667, 0.000000, 30.000000, 20.745903, 0.000000 
50.000000, 35.500000, 14.500000, 50.067802, 2.000000, 0.066667, 0.000000, 29.000000, 21.067802, -0.000000 
50.000000, 35.500000, 14.500000, 50.389702, 2.000000, 0.066667, 0.000000, 29.000000, 21.389702, 0.000000 
50.000000, 35.500000, 14.500000, 50.711601, 2.000000, 0.066667, 0.000000, 29.000000, 21.711601, 0.000000 
50.000000, 35.500000, 14.500000, 51.033501, 2.000000, 0.066667, 0.000000, 29.000000, 22.033501, 0.000000 
50.000000, 35.500000, 14.500000, 51.355400, 2.000000, 0.066667, 0.000000, 29.000000, 22.355400, 0.000000 
50.000000, 36.000000, 14.000000, 50.666199, 2.000000, 0.066667, 0.000000, 28.000000, 22.666201, -0.000000 
50.000000, 36.000000, 14.000000, 50.976997, 2.000000, 0.066667, 0.000000, 28.000000, 22.976999, 0.000000 
50.000000, 36.000000, 14.000000, 51.287796, 2.000000, 0.066667, 0.000000, 28.000000, 23.287798, 0.000000 
50.000000, 36.000000, 14.000000, 51.598595, 2.000000, 0.066667, 0.000000, 28.000000, 23.598597, 0.000000 
50.000000, 36.500000, 13.500000, 50.898300, 2.000000, 0.066667, 0.000000, 27.000000, 23.898298, -0.000000 
50.000000, 36.500000, 13.500000, 51.197998, 2.000000, 0.066667, 0.000000, 27.000000, 24.198000, 0.000000 
50.000000, 36.500000, 13.500000, 51.497700, 2.000000, 0.066667, 0.000000, 27.000000, 24.497700, 0.000000 
50.000000, 36.500000, 13.500000, 51.797401, 2.000000, 0.066667, 0.000000, 27.000000, 24.797401, 0.000000 
50.000000, 37.000000, 13.000000, 51.086002, 2.000000, 0.066667, 0.000000, 26.000000, 25.086002, -0.000000 
50.000000, 37.000000, 13.000000, 51.374603, 2.000000, 0.066667, 0.000000, 26.000000, 25.374603, 0.000000 
50.000000, 37.000000, 13.000000, 51.663204, 2.000000, 0.066667, 0.000000, 26.000000, 25.663204, 0.000000 
50.000000, 37.000000, 13.000000, 51.951805, 2.000000, 0.066667, 0.000000, 26.000000, 25.951803, 0.000000 
50.000000, 37.500000, 12.500000, 51.229305, 2.000000, 0.066667, 0.000000, 25.000000, 26.229305, -0.000000 
50.000000, 37.500000, 12.500000, 51.506805, 2.000000, 0.066667, 0.000000, 25.000000, 26.506805, 0.000000 
50.000000, 37.500000, 12.500000, 51.784306, 2.000000, 0.066667, 0.000000, 25.000000, 26.784306, 0.000000 
50.000000, 37.500000, 12.500000, 52.061806, 2.000000, 0.066667, 0.000000, 25.000000, 27.061806, 0.000000 
50.000000, 37.500000, 12.500000, 52.339306, 2.000000, 0.066667, 0.000000, 25.000000, 27.339306, 0.000000 
50.000000, 38.000000, 12.000000, 51.605705, 2.000000, 0.066667, 0.000000, 24.000000, 27.605705, -0.000000 
50.000000, 38.000000, 12.000000, 51.872108, 2.000000, 0.066667, 0.000000, 24.000000, 27.872107, 0.000000 
50.000000, 38.000000, 12.000000, 52.138504, 2.000000, 0.066667, 0.000000, 24.000000, 28.138506, 0.000000 
50.000000, 38.000000, 12.000000, 52.404907, 2.000000, 0.066667, 0.000000, 24.000000, 28.404907, 0.000000 
50.000000, 38.000000, 12.000000, 52.671307, 2.000000, 0.066667, 0.000000, 24.000000, 28.671307, 0.000000 
50.000000, 38.500000, 11.500000, 51.926605, 2.000000, 0.066667, 0.000000, 23.000000, 28.926607, -0.000000 
50.000000, 38.500000, 11.500000, 52.181908, 2.000000, 0.066667, 0.000000, 23.000000, 29.181906, 0.000000 
50.000000, 38.500000, 11.500000, 52.437206, 2.000000, 0.066667, 0.000000, 23.000000, 29.437206, 0.000000 
50.000000, 38.500000, 11.500000, 52.692505, 2.000000, 0.066667, 0.000000, 23.000000, 29.692507, 0.000000 
50.000000, 39.000000, 11.000000, 51.936707, 2.000000, 0.066667, 0.000000, 22.000000, 29.936707, -0.000000 
50.000000, 39.000000, 11.000000, 52.180908, 2.000000, 0.066667, 0.000000, 22.000000, 30.180906, 0.000000 
50.000000, 39.000000, 11.000000, 52.425106, 2.000000, 0.066667, 0.000000, 22.000000, 30.425106, 0.000000 
50.000000, 39.000000, 11.000000, 52.669304, 2.000000, 0.066667, 0.000000, 22.000000, 30.669306, 0.000000 
50.000000, 39.000000, 11.000000, 52.913506, 2.000000, 0.066667, 0.000000, 22.000000, 30.913506, 0.000000 
50.000000, 39.500000, 10.500000, 52.146606, 2.000000, 0.066667, 0.000000, 21.000000, 31.146605, -0.000000 
50.000000, 39.500000, 10.500000, 52.379704, 2.000000, 0.066667, 0.000000, 21.000000, 31.379704, 0.000000 
50.000000, 39.500000, 10.500000, 52.612801, 2.000000, 0.066667, 0.000000, 21.000000, 31.612803, 0.000000 
50.000000, 39.500000, 10.500000, 52.845901, 2.000000, 0.066667, 0.000000, 21.000000, 31.845901, 0.000000 
50.000000, 39.500000, 10.500000, 53.079002, 2.000000, 0.066667, 0.000000, 21.000000, 32.079002, 0.000000 
50.000000, 40.000000, 10.000000, 52.301003, 2.000000, 0.066667, 0.000000, 20.000000, 32.301003, -0.000000 
50.000000, 40.000000, 10.000000, 52.522999, 2.000000, 0.066667, 0.000000, 20.000000, 32.522999, 0.000000 
50.000000, 40.000000, 10.000000, 52.744999, 2.000000, 0.066667, 0.000000, 20.000000, 32.744999, 0.000000 
50.000000, 40.000000, 10.000000, 52.966999, 2.000000, 0.066667, 0.000000, 20.000000, 32.966999, 0.000000 
50.000000, 40.500000, 9.500000, 52.177898, 2.000000, 0.066667, 0.000000, 19.000000, 33.177898, -0.000000 
50.000000, 40.500000, 9.500000, 52.388802, 2.000000, 0.066667, 0.000000, 19.000000, 33.388802, 0.000000 
50.000000, 40.500000, 9.500000, 52.599701, 2.000000, 0.066667, 0.000000, 19.000000, 33.599701, 0.000000 
50.000000, 40.500000, 9.500000, 52.810600, 2.000000, 0.066667, 0.000000, 19.000000, 33.810600, 0.000000 
50.000000, 40.500000, 9.500000, 53.021503, 2.000000, 0.066667, 0.000000, 19.000000, 34.021503, 0.000000 
50.000000, 40.500000, 9.500000, 53.232403, 2.000000, 0.066667, 0.000000, 19.000000, 34.232403, 0.000000 
50.000000, 41.000000, 9.000000, 52.432205, 2.000000, 0.066667, 0.000000, 18.000000, 34.432205, -0.000000 
50.000000, 41.000000, 9.000000, 52.632004, 2.000000, 0.066667, 0.000000, 18.000000, 34.632004, 0.000000 
50.000000, 41.000000, 9.000000, 52.831806, 2.000000, 0.066667, 0.000000, 18.000000, 34.831806, 0.000000 
50.000000, 41.000000, 9.000000, 53.031605, 2.000000, 0.066667, 0.000000, 18.000000, 35.031605, 0.000000 
50.000000, 41.000000, 9.000000, 53.231407, 2.000000, 0.066667, 0.000000, 18.000000, 35.231407, 0.000000 
50.000000, 41.500000, 8.500000, 52.420105, 2.000000, 0.066667, 0.000000, 17.000000, 35.420105, -0.000000 
50.000000, 41.500000, 8.500000, 52.608807, 2.000000, 0.066667, 0.000000, 17.000000, 35.608807, 0.000000 
50.000000, 41.500000, 8.500000, 52.797508, 2.000000, 0.066667, 0.000000, 17.000000, 35.797508, 0.000000 
50.000000, 41.500000, 8.500000, 52.986206, 2.000000, 0.066667, 0.000000, 17.000000, 35.986206, 0.000000 
50.000000, 41.500000, 8.500000, 53.174908, 2.000000, 0.066667, 0.000000, 17.000000, 36.174908, 0.000000 
50.000000, 41.500000, 8.500000, 53.363609, 2.000000, 0.066667, 0.000000, 17.000000, 36.363609, 0.000000 
50.000000, 42.000000, 8.000000, 52.541210, 2.000000, 0.066667, 0.000000, 16.000000, 36.541210, -0.000000 
50.000000, 42.000000, 8.000000, 52.718807, 2.000000, 0.066667, 0.000000, 16.000000, 36.718807, 0.000000 
50.000000, 42.000000, 8.000000, 52.896408, 2.000000, 0.066667, 0.000000, 16.000000, 36.896408, 0.000000 
50.000000, 42.000000, 8.000000, 53.074009, 2.000000, 0.066667, 0.000000, 16.000000, 37.074009, 0.000000 
50.000000, 42.000000, 8.000000, 53.251610, 2.000000, 0.066667, 0.000000, 16.000000, 37.251610, 0.000000 
50.000000, 42.000000, 8.000000, 53.429211, 2.000000, 0.066667, 0.000000, 16.000000, 37.429211, 0.000000 
50.000000, 42.500000, 7.500000, 52.595711, 2.000000, 0.066667, 0.000000, 15.000000, 37.595711, -0.000000 
50.000000, 42.500000, 7.500000, 52.762211, 2.000000, 0.066667, 0.000000, 15.000000, 37.762211, 0.000000 
50.000000, 42.500000, 7.500000, 52.928707, 2.000000, 0.066667, 0.000000, 15.000000, 37.928707, 0.000000 
50.000000, 42.500000, 7.500000, 53.095207, 2.000000, 0.066667, 0.000000, 15.000000, 38.095207, 0.000000 
50.000000, 42.500000, 7.500000, 53.261707, 2.000000, 0.066667, 0.000000, 15.000000, 38.261707, 0.000000 
50.000000, 43.000000, 7.000000, 52.417107, 2.000000, 0.066667, 0.000000, 14.000000, 38.417107, -0.000000 
50.000000, 43.000000, 7.000000, 52.572506, 2.000000, 0.066667, 0.000000, 14.000000, 38.572506, 0.000000 
50.000000, 43.000000, 7.000000, 52.727909, 2.000000, 0.066667, 0.000000, 14.000000, 38.727909, 0.000000 
50.000000, 43.000000, 7.000000, 52.883308, 2.000000, 0.066667, 0.000000, 14.000000, 38.883308, 0.000000 
50.000000, 43.000000, 7.000000, 53.038708, 2.000000, 0.066667, 0.000000, 14.000000, 39.038708, 0.000000 
50.000000, 43.000000, 7.000000, 53.194107, 2.000000, 0.066667, 0.000000, 14.000000, 39.194107, 0.000000 
50.000000, 43.000000, 7.000000, 53.349506, 2.000000, 0.066667, 0.000000, 14.000000, 39.349506, 0.000000 
50.000000, 43.500000, 6.500000, 52.493805, 2.000000, 0.066667, 0.000000, 13.000000, 39.493805, -0.000000 
50.000000, 43.500000, 6.500000, 52.638103, 2.000000, 0.066667, 0.000000, 13.000000, 39.638103, 0.000000 
50.000000, 43.500000, 6.500000, 52.782402, 2.000000, 0.066667, 0.000000, 13.000000, 39.782402, 0.000000 
50.000000, 43.500000, 6.500000, 52.926704, 2.000000, 0.066667, 0.000000, 13.000000, 39.926704, 0.000000 
50.000000, 43.500000, 6.500000, 53.071003, 2.000000, 0.066667, 0.000000, 13.000000, 40.071003, 0.000000 
50.000000, 43.500000, 6.500000, 53.215302, 2.000000, 0.066667, 0.000000, 13.000000, 40.215302, 0.000000 
50.000000, 43.500000, 6.500000, 53.359600, 2.000000, 0.066667, 0.000000, 13.000000, 40.359600, 0.000000 
50.000000, 44.000000, 6.000000, 52.492802, 2.000000, 0.066667, 0.000000, 12.000000, 40.492802, -0.000000 
50.000000, 44.000000, 6.000000, 52.625999, 2.000000, 0.066667, 0.000000, 12.000000, 40.625999, 0.000000 
50.000000, 44.000000, 6.000000, 52.759197, 2.000000, 0.066667, 0.000000, 12.000000, 40.759197, 0.000000 
50.000000, 44.000000, 6.000000, 52.892399, 2.000000, 0.066667, 0.000000, 12.000000, 40.892399, 0.000000 
50.000000, 44.000000, 6.000000, 53.025597, 2.000000, 0.066667, 0.000000, 12.000000, 41.025597, 0.000000 
50.000000, 44.000000, 6.000000, 53.158794, 2.000000, 0.066667, 0.000000, 12.000000, 41.158794, 0.000000 
50.000000, 44.000000, 6.000000, 53.291996, 2.000000, 0.066667, 0.000000, 12.000000, 41.291996, 0.000000 
50.000000, 44.500000, 5.500000, 52.414093, 2.000000, 0.066667, 0.000000, 11.000000, 41.414093, -0.000000 
50.000000, 44.500000, 5.500000, 52.536194, 2.000000, 0.066667, 0.000000, 11.000000, 41.536194, 0.000000 
50.000000, 44.500000, 5.500000, 52.658291, 2.000000, 0.066667, 0.000000, 11.000000, 41.658291, 0.000000 
50.000000, 44.500000, 5.500000, 52.780388, 2.000000, 0.066667, 0.000000, 11.000000, 41.780388, 0.000000 
50.000000, 44.500000, 5.500000, 52.902489, 2.000000, 0.066667, 0.000000, 11.000000, 41.902489, 0.000000 
50.000000, 44.500000, 5.500000, 53.024586, 2.000000, 0.066667, 0.000000, 11.000000, 42.024586, 0.000000 
50.000000, 44.500000, 5.500000, 53.146687, 2.000000, 0.066667, 0.000000, 11.000000, 42.146687, 0.000000 
50.000000, 44.500000, 5.500000, 53.268784, 2.000000, 0.066667, 0.000000, 11.000000, 42.268784, 0.000000 
50.000000, 44.500000, 5.500000, 53.390884, 2.000000, 0.066667, 0.000000, 11.000000, 42.390884, 0.000000 
50.000000, 45.000000, 5.000000, 52.501881, 2.000000, 0.066667, 0.000000, 10.000000, 42.501881, -0.000000 
50.000000, 45.000000, 5.000000, 52.612881, 2.000000, 0.066667, 0.000000, 10.000000, 42.612881, 0.000000 
50.000000, 45.000000, 5.000000, 52.723881, 2.000000, 0.066667, 0.000000, 10.000000, 42.723881, 0.000000 
50.000000, 45.000000, 5.000000, 52.834877, 2.000000, 0.066667, 0.000000, 10.000000, 42.834877, 0.000000 
50.000000, 45.000000, 5.000000, 52.945877, 2.000000, 0.066667, 0.000000, 10.000000, 42.945877, 0.000000 
50.000000, 45.000000, 5.000000, 53.056873, 2.000000, 0.066667, 0.000000, 10.000000, 43.056873, 0.000000 
50.000000, 45.000000, 5.000000, 53.167873, 2.000000, 0.066667, 0.000000, 10.000000, 43.167873, 0.000000 
50.000000, 45.500000, 4.500000, 52.267773, 2.000000, 0.066667, 0.000000, 9.000000, 43.267773, -0.000000 
50.000000, 45.500000, 4.500000, 52.367668, 2.000000, 0.066667, 0.000000, 9.000000, 43.367668, 0.000000 
50.000000, 45.500000, 4.500000, 52.467567, 2.000000, 0.066667, 0.000000, 9.000000, 43.467567, 0.000000 
50.000000, 45.500000, 4.500000, 52.567467, 2.000000, 0.066667, 0.000000, 9.000000, 43.567467, 0.000000 
50.000000, 45.500000, 4.500000, 52.667366, 2.000000, 0.066667, 0.000000, 9.000000, 43.667366, 0.000000 
50.000000, 45.500000, 4.500000, 52.767262, 2.000000, 0.066667, 0.000000, 9.000000, 43.767262, 0.000000 
50.000000, 45.500000, 4.500000, 52.867161, 2.000000, 0.066667, 0.000000, 9.000000, 43.867161, 0.000000 
50.000000, 45.500000, 4.500000, 52.967060, 2.000000, 0.066667, 0.000000, 9.000000, 43.967060, 0.000000 
50.000000, 45.500000, 4.500000, 53.066959, 2.000000, 0.066667, 0.000000, 9.000000, 44.066959, 0.000000 
50.000000, 46.000000, 4.000000, 52.155754, 2.000000, 0.066667, 0.000000, 8.000000, 44.155754, -0.000000 
50.000000, 46.000000, 4.000000, 52.244553, 2.000000, 0.066667, 0.000000, 8.000000, 44.244553, 0.000000 
50.000000, 46.000000, 4.000000, 52.333351, 2.000000, 0.066667, 0.000000, 8.000000, 44.333351, 0.000000 
50.000000, 46.000000, 4.000000, 52.422150, 2.000000, 0.066667, 0.000000, 8.000000, 44.422150, 0.000000 
50.000000, 46.000000, 4.000000, 52.510948, 2.000000, 0.066667, 0.000000, 8.000000, 44.510948, 0.000000 
50.000000, 46.000000, 4.000000, 52.599747, 2.000000, 0.066667, 0.000000, 8.000000, 44.599747, 0.000000 
50.000000, 46.000000, 4.000000, 52.688545, 2.000000, 0.066667, 0.000000, 8.000000, 44.688545, 0.000000 
50.000000, 46.000000, 4.000000, 52.777344, 2.000000, 0.066667, 0.000000, 8.000000, 44.777344, 0.000000 
50.000000, 46.500000, 3.500000, 51.855045, 2.000000, 0.066667, 0.000000, 7.000000, 44.855045, -0.000000 
50.000000, 46.500000, 3.500000, 51.932747, 2.000000, 0.066667, 0.000000, 7.000000, 44.932747, 0.000000 
50.000000, 46.500000, 3.500000, 52.010448, 2.000000, 0.066667, 0.000000, 7.000000, 45.010448, 0.000000 
50.000000, 46.500000, 3.500000, 52.088150, 2.000000, 0.066667, 0.000000, 7.000000, 45.088150, 0.000000 
50.000000, 46.500000, 3.500000, 52.165852, 2.000000, 0.066667, 0.000000, 7.000000, 45.165852, 0.000000 
50.000000, 46.500000, 3.500000, 52.243553, 2.000000, 0.066667, 0.000000, 7.000000, 45.243553, 0.000000 
50.000000, 46.500000, 3.500000, 52.321255, 2.000000, 0.066667, 0.000000, 7.000000, 45.321255, 0.000000 
50.000000, 46.500000, 3.500000, 52.398956, 2.000000, 0.066667, 0.000000, 7.000000, 45.398956, 0.000000 
50.000000, 46.500000, 3.500000, 52.476658, 2.000000, 0.066667, 0.000000, 7.000000, 45.476658, 0.000000 
50.000000, 46.500000, 3.500000, 52.554359, 2.000000, 0.066667, 0.000000, 7.000000, 45.554359, 0.000000 
50.000000, 46.500000, 3.500000, 52.632061, 2.000000, 0.066667, 0.000000, 7.000000, 45.632061, 0.000000 
50.000000, 47.000000, 3.000000, 51.698662, 2.000000, 0.066667, 0.000000, 6.000000, 45.698662, -0.000000 
50.000000, 47.000000, 3.000000, 51.765266, 2.000000, 0.066667, 0.000000, 6.000000, 45.765266, 0.000000 
50.000000, 47.000000, 3.000000, 51.831867, 2.000000, 0.066667, 0.000000, 6.000000, 45.831867, 0.000000 
50.000000, 47.000000, 3.000000, 51.898468, 2.000000, 0.066667, 0.000000, 6.000000, 45.898468, 0.000000 
50.000000, 47.000000, 3.000000, 51.965069, 2.000000, 0.066667, 0.000000, 6.000000, 45.965069, 0.000000 
50.000000, 47.000000, 3.000000, 52.031670, 2.000000, 0.066667, 0.000000, 6.000000, 46.031670, 0.000000 
50.000000, 47.000000, 3.000000, 52.098274, 2.000000, 0.066667, 0.000000, 6.000000, 46.098274, 0.000000 
50.000000, 47.000000, 3.000000, 52.164875, 2.000000, 0.066667, 0.000000, 6.000000, 46.164875, 0.000000 
50.000000, 47.000000, 3.000000, 52.231476, 2.000000, 0.066667, 0.000000, 6.000000, 46.231476, 0.000000 
50.000000, 47.000000, 3.000000, 52.298077, 2.000000, 0.066667, 0.000000, 6.000000, 46.298077, 0.000000 
50.000000, 47.000000, 3.000000, 52.364681, 2.000000, 0.066667, 0.000000, 6.000000, 46.364681, 0.000000 
50.000000, 47.000000, 3.000000, 52.431282, 2.000000, 0.066667, 0.000000, 6.000000, 46.431282, 0.000000 
50.000000, 47.000000, 3.000000, 52.497883, 2.000000, 0.066667, 0.000000, 6.000000, 46.497883, 0.000000 
50.000000, 47.500000, 2.500000, 51.553383, 2.000000, 0.066667, 0.000000, 5.000000, 46.553383, -0.000000 
50.000000, 47.500000, 2.500000, 51.608887, 2.000000, 0.066667, 0.000000, 5.000000, 46.608887, 0.000000 
50.000000, 47.500000, 2.500000, 51.664387, 2.000000, 0.066667, 0.000000, 5.000000, 46.664387, 0.000000 
50.000000, 47.500000, 2.500000, 51.719887, 2.000000, 0.066667, 0.000000, 5.000000, 46.719887, 0.000000 
50.000000, 47.500000, 2.500000, 51.775391, 2.000000, 0.066667, 0.000000, 5.000000, 46.775391, 0.000000 
50.000000, 47.500000, 2.500000, 51.830891, 2.000000, 0.066667, 0.000000, 5.000000, 46.830891, 0.000000 
50.000000, 47.500000, 2.500000, 51.886391, 2.000000, 0.066667, 0.000000, 5.000000, 46.886391, 0.000000 
50.000000, 47.500000, 2.500000, 51.941895, 2.000000, 0.066667, 0.000000, 5.000000, 46.941895, 0.000000 
50.000000, 47.500000, 2.500000, 51.997395, 2.000000, 0.066667, 0.000000, 5.000000, 46.997395, 0.000000 
50.000000, 47.500000, 2.500000, 52.052895, 2.000000, 0.066667, 0.000000, 5.000000, 47.052895, 0.000000 
50.000000, 47.500000, 2.500000, 52.108398, 2.000000, 0.066667, 0.000000, 5.000000, 47.108398, 0.000000 
50.000000, 47.500000, 2.500000, 52.163898, 2.000000, 0.066667, 0.000000, 5.000000, 47.163898, 0.000000 
50.000000, 48.000000, 2.000000, 51.208298, 2.000000, 0.066667, 0.000000, 4.000000, 47.208298, -0.000000 
50.000000, 48.000000, 2.000000, 51.252701, 2.000000, 0.066667, 0.000000, 4.000000, 47.252701, 0.000000 
50.000000, 48.000000, 2.000000, 51.297100, 2.000000, 0.066667, 0.000000, 4.000000, 47.297100, 0.000000 
50.000000, 48.000000, 2.000000, 51.341503, 2.000000, 0.066667, 0.000000, 4.000000, 47.341503, 0.000000 
50.000000, 48.000000, 2.000000, 51.385902, 2.000000, 0.066667, 0.000000, 4.000000, 47.385902, 0.000000 
50.000000, 48.000000, 2.000000, 51.430305, 2.000000, 0.066667, 0.000000, 4.000000, 47.430305, 0.000000 
50.000000, 48.000000, 2.000000, 51.474705, 2.000000, 0.066667, 0.000000, 4.000000, 47.474705, 0.000000 
50.000000, 48.000000, 2.000000, 51.519108, 2.000000, 0.066667, 0.000000, 4.000000, 47.519108, 0.000000 
50.000000, 48.000000, 2.000000, 51.563507, 2.000000, 0.066667, 0.000000, 4.000000, 47.563507, 0.000000 
50.000000, 48.000000, 2.000000, 51.607910, 2.000000, 0.066667, 0.000000, 4.000000, 47.607910, 0.000000 
50.000000, 48.000000, 2.000000, 51.652309, 2.000000, 0.066667, 0.000000, 4.000000, 47.652309, 0.000000 
50.000000, 48.000000, 2.000000, 51.696712, 2.000000, 0.066667, 0.000000, 4.000000, 47.696712, 0.000000 
50.000000, 48.500000, 1.500000, 50.730011, 2.000000, 0.066667, 0.000000, 3.000000, 47.730011, -0.000000 
50.000000, 48.500000, 1.500000, 50.763313, 2.000000, 0.066667, 0.000000, 3.000000, 47.763313, 0.000000 
50.000000, 48.500000, 1.500000, 50.796612, 2.000000, 0.066667, 0.000000, 3.000000, 47.796612, 0.000000 
50.000000, 48.500000, 1.500000, 50.829914, 2.000000, 0.066667, 0.000000, 3.000000, 47.829914, 0.000000 
50.000000, 48.500000, 1.500000, 50.863216, 2.000000, 0.066667, 0.000000, 3.000000, 47.863216, 0.000000 
50.000000, 48.500000, 1.500000, 50.896515, 2.000000, 0.066667, 0.000000, 3.000000, 47.896515, 0.000000 
50.000000, 48.500000, 1.500000, 50.929817, 2.000000, 0.066667, 0.000000, 3.000000, 47.929817, 0.000000 
50.000000, 48.500000, 1.500000, 50.963116, 2.000000, 0.066667, 0.000000, 3.000000, 47.963116, 0.000000 
50.000000, 48.500000, 1.500000, 50.996418, 2.000000, 0.066667, 0.000000, 3.000000, 47.996418, 0.000000 
50.000000, 48.500000, 1.500000, 51.029720, 2.000000, 0.066667, 0.000000, 3.000000, 48.029720, 0.000000 
50.000000, 48.500000, 1.500000, 51.063019, 2.000000, 0.066667, 0.000000, 3.000000, 48.063019, 0.000000 
50.000000, 48.500000, 1.500000, 51.096321, 2.000000, 0.066667, 0.000000, 3.000000, 48.096321, 0.000000 
50.000000, 48.500000, 1.500000, 51.129620, 2.000000, 0.066667, 0.000000, 3.000000, 48.129620, 0.000000 
50.000000, 48.500000, 1.500000, 51.162922, 2.000000, 0.066667, 0.000000, 3.000000, 48.162922, 0.000000 
50.000000, 48.500000, 1.500000, 51.196224, 2.000000, 0.066667, 0.000000, 3.000000, 48.196224, 0.000000 
50.000000, 48.500000, 1.500000, 51.229523, 2.000000, 0.066667, 0.000000, 3.000000, 48.229523, 0.000000 
50.000000, 48.500000, 1.500000, 51.262825, 2.000000, 0.066667, 0.000000, 3.000000, 48.262825, 0.000000 
50.000000, 49.000000, 1.000000, 50.285023, 2.000000, 0.066667, 0.000000, 2.000000, 48.285023, -0.000000 
50.000000, 49.000000, 1.000000, 50.307224, 2.000000, 0.066667, 0.000000, 2.000000, 48.307224, 0.000000 
50.000000, 49.000000, 1.000000, 50.329426, 2.000000, 0.066667, 0.000000, 2.000000, 48.329426, 0.000000 
50.000000, 49.000000, 1.000000, 50.351627, 2.000000, 0.066667, 0.000000, 2.000000, 48.351627, 0.000000 
50.000000, 49.000000, 1.000000, 50.373825, 2.000000, 0.066667, 0.000000, 2.000000, 48.373825, 0.000000 
50.000000, 49.000000, 1.000000, 50.396027, 2.000000, 0.066667, 0.000000, 2.000000, 48.396027, 0.000000 
50.000000, 49.000000, 1.000000, 50.418228, 2.000000, 0.066667, 0.000000, 2.000000, 48.418228, 0.000000 
50.000000, 49.000000, 1.000000, 50.440430, 2.000000, 0.066667, 0.000000, 2.000000, 48.440430, 0.000000 
50.000000, 49.000000, 1.000000, 50.462627, 2.000000, 0.066667, 0.000000, 2.000000, 48.462627, 0.000000 
50.000000, 49.000000, 1.000000, 50.484829, 2.000000, 0.066667, 0.000000, 2.000000, 48.484829, 0.000000 
50.000000, 49.000000, 1.000000, 50.507030, 2.000000, 0.066667, 0.000000, 2.000000, 48.507030, 0.000000 
50.000000, 49.000000, 1.000000, 50.529232, 2.000000, 0.066667, 0.000000, 2.000000, 48.529232, 0.000000 
50.000000, 49.000000, 1.000000, 50.551430, 2.000000, 0.066667, 0.000000, 2.000000, 48.551430, 0.000000 
50.000000, 49.000000, 1.000000, 50.573631, 2.000000, 0.066667, 0.000000, 2.000000, 48.573631, 0.000000 
50.000000, 49.000000, 1.000000, 50.595833, 2.000000, 0.066667, 0.000000, 2.000000, 48.595833, 0.000000 
50.000000, 49.000000, 1.000000, 50.618031, 2.000000, 0.066667, 0.000000, 2.000000, 48.618031, 0.000000 
50.000000, 49.000000, 1.000000, 50.640232, 2.000000, 0.066667, 0.000000, 2.000000, 48.640232, 0.000000 
50.000000, 49.000000, 1.000000, 50.662434, 2.000000, 0.066667, 0.000000, 2.000000, 48.662434, 0.000000 
50.000000, 49.500000, 0.500000, 49.673534, 2.000000, 0.066667, 0.000000, 1.000000, 48.673534, -0.000000 
50.000000, 49.500000, 0.500000, 49.684635, 2.000000, 0.066667, 0.000000, 1.000000, 48.684635, 0.000000 
50.000000, 49.500000, 0.500000, 49.695736, 2.000000, 0.066667, 0.000000, 1.000000, 48.695736, 0.000000 
50.000000, 49.500000, 0.500000, 49.706833, 2.000000, 0.066667, 0.000000, 1.000000, 48.706833, 0.000000 
50.000000, 49.500000, 0.500000, 49.717934, 2.000000, 0.066667, 0.000000, 1.000000, 48.717934, 0.000000 
50.000000, 49.500000, 0.500000, 49.729034, 2.000000, 0.066667, 0.000000, 1.000000, 48.729034, 0.000000 
50.000000, 49.500000, 0.500000, 49.740135, 2.000000, 0.066667, 0.000000, 1.000000, 48.740135, 0.000000 
50.000000, 50.000000, 0.000000, 48.740135, 2.000000, 0.066667, 0.000000, 0.000000, 48.740135, -0.000000 
50.000000, 49.500000, 0.500000, 49.751236, 2.000000, 0.066667, 0.000000, 1.000000, 48.751236, 0.000000 
50.000000, 49.500000, 0.500000, 49.762337, 2.000000, 0.066667, 0.000000, 1.000000, 48.762337, 0.000000 
50.000000, 49.500000, 0.500000, 49.773438, 2.000000, 0.066667, 0.000000, 1.000000, 48.773438, 0.000000 
50.000000, 49.500000, 0.500000, 49.784534, 2.000000, 0.066667, 0.000000, 1.000000, 48.784534, 0.000000 
50.000000, 49.500000, 0.500000, 49.795635, 2.000000, 0.066667, 0.000000, 1.000000, 48.795635, 0.000000 
50.000000, 49.500000, 0.500000, 49.806736, 2.000000, 0.066667, 0.000000, 1.000000, 48.806736, 0.000000 
50.000000, 49.500000, 0.500000, 49.817837, 2.000000, 0.066667, 0.000000, 1.000000, 48.817837, 0.000000 
50.000000, 49.500000, 0.500000, 49.828938, 2.000000, 0.066667, 0.000000, 1.000000, 48.828938, 0.000000 
50.000000, 49.500000, 0.500000, 49.840038, 2.000000, 0.066667, 0.000000, 1.000000, 48.840038, 0.000000 
50.000000, 49.500000, 0.500000, 49.851139, 2.000000, 0.066667, 0.000000, 1.000000, 48.851139, 0.000000 
50.000000, 49.500000, 0.500000, 49.862240, 2.000000, 0.066667, 0.000000, 1.000000, 48.862240, 0.000000 
50.000000, 49.500000, 0.500000, 49.873337, 2.000000, 0.066667, 0.000000, 1.000000, 48.873337, 0.000000 
50.000000, 49.500000, 0.500000, 49.884438, 2.000000, 0.066667, 0.000000, 1.000000, 48.884438, 0.000000 
50.000000, 49.500000, 0.500000, 49.895538, 2.000000, 0.066667, 0.000000, 1.000000, 48.895538, 0.000000 
50.000000, 49.500000, 0.500000, 49.906639, 2.000000, 0.066667, 0.000000, 1.000000, 48.906639, 0.000000 
50.000000, 49.500000, 0.500000, 49.917740, 2.000000, 0.066667, 0.000000, 1.000000, 48.917740, 0.000000 
50.000000, 50.000000, 0.000000, 48.917740, 2.000000, 0.066667, 0.000000, 0.000000, 48.917740, -0.000000 
50.000000, 50.000000, 0.000000, 48.917740, 2.000000, 0.066667, 0.000000, 0.000000, 48.917740, 0.000000 
50.000000, 50.000000, 0.000000, 48.917740, 2.000000, 0.066667, 0.000000, 0.000000, 48.917740, 0.000000 
50.000000, 50.000000, 0.000000, 48.917740, 2.000000, 0.066667, 0.000000, 0.000000, 48.917740, 0.000000 
50.000000, 50.000000, 0.000000, 48.917740, 2.000000, 0.066667, 0.000000, 0.000000, 48.917740, 0.000000 
50.000000, 50.000000, 0.000000, 48.917740, 2.000000, 0.066667, 0.000000, 0.000000, 48.917740, 0.000000 
50.000000, 50.000000, 0.000000, 48.917740, 2.000000, 0.066667, 0.000000, 0.000000, 48.917740, 0.000000 
50.000000, 50.000000, 0.000000, 48.917740, 2.000000, 0.066667, 0.000000, 0.000000, 48.917740, 0.000000 
50.000000, 50.000000, 0.000000, 48.917740, 2.000000, 0.066667, 0.000000, 0.000000, 48.917740, 0.000000 
50.000000, 50.000000, 0.000000, 48.917740, 2.000000, 0.066667, 0.000000, 0.000000, 48.917740, 0.000000 
50.000000, 50.000000, 0.000000, 48.917740, 2.000000, 0.066667, 0.000000, 0.000000, 48.917740, 0.000000 
50.000000, 50.000000, 0.000000, 48.917740, 2.000000, 0.066667, 0.000000, 0.000000, 48.917740, 0.000000 
50.000000, 50.000000, 0.000000, 48.917740, 2.000000, 0.066667, 0.000000, 0.000000, 48.917740, 0.000000 
50.000000, 50.000000, 0.000000, 48.917740, 2.000000, 0.066667, 0.000000, 0.000000, 48.917740, 0.000000 
50.000000, 50.000000, 0.000000, 48.917740, 2.000000, 0.066667, 0.000000, 0.000000, 48.917740, 0.000000 
50.000000, 50.000000, 0.000000, 48.917740, 2.000000, 0.066667, 0.000000, 0.000000, 48.917740, 0.000000 
50.000000, 50.000000, 0.000000, 48.917740, 2.000000, 0.066667, 0.000000, 0.000000, 48.917740, 0.000000 
50.000000, 50.000000, 0.000000, 48.917740, 2.000000, 0.066667, 0.000000, 0.000000, 48.917740, 0.000000 
50.000000, 50.000000, 0.000000, 48.917740, 2.000000, 0.066667, 0.000000, 0.000000, 48.917740, 0.000000 
50.000000, 50.000000, 0.000000, 48.917740, 2.000000, 0.066667, 0.000000, 0.000000, 48.917740, 0.000000 
50.000000, 50.000000, 0.000000, 48.917740, 2.000000, 0.066667, 0.000000, 0.000000, 48.917740, 0.000000 
50.000000, 50.000000, 0.000000, 48.917740, 2.000000, 0.066667, 0.000000, 0.000000, 48.917740, 0.000000 
50.000000, 50.000000, 0.000000, 48.917740, 2.000000, 0.066667, 0.000000, 0.000000, 48.917740, 0.000000 
50.000000, 50.000000, 0.000000, 48.917740, 2.000000, 0.066667, 0.000000, 0.000000, 48.917740, 0.000000 
50.000000, 50.000000, 0.000000, 48.917740, 2.000000, 0.066667, 0.000000, 0.000000, 48.917740, 0.000000 
50.000000, 50.000000, 0.000000, 48.917740, 2.000000, 0.066667, 0.000000, 0.000000, 48.917740, 0.000000 
50.000000, 50.000000, 0.000000, 48.917740, 2.000000, 0.066667, 0.000000, 0.000000, 48.917740, 0.000000 
50.000000, 50.000000, 0.000000, 48.917740, 2.000000, 0.066667, 0.000000, 0.000000, 48.917740, 0.000000 
50.000000, 50.000000, 0.000000, 48.917740, 2.000000, 0.066667, 0.000000, 0.000000, 48.917740, 0.000000 
50.000000, 50.000000, 0.000000, 48.917740, 2.000000, 0.066667, 0.000000, 0.000000, 48.917740, 0.000000 
50.000000, 50.000000, 0.000000, 48.917740, 2.000000, 0.066667, 0.000000, 0.000000, 48.917740, 0.000000 
50.000000, 50.000000, 0.000000, 48.917740, 2.000000, 0.066667, 0.000000, 0.000000, 48.917740, 0.000000 
50.000000, 50.500000, -0.500000, 47.906639, 2.000000, 0.066667, 0.000000, -1.000000, 48.906639, -0.000000 
50.000000, 50.000000, 0.000000, 48.906639, 2.000000, 0.066667, 0.000000, 0.000000, 48.906639, 0.000000 
50.000000, 50.500000, -0.500000, 47.895538, 2.000000, 0.066667, 0.000000, -1.000000, 48.895538, -0.000000 
50.000000, 50.500000, -0.500000, 47.884438, 2.000000, 0.066667, 0.000000, -1.000000, 48.884438, 0.000000 
50.000000, 50.500000, -0.500000, 47.873337, 2.000000, 0.066667, 0.000000, -1.000000, 48.873337, 0.000000 
50.000000, 50.500000, -0.500000, 47.862240, 2.000000, 0.066667, 0.000000, -1.000000, 48.862240, 0.000000 
50.000000, 50.500000, -0.500000, 47.851139, 2.000000, 0.066667, 0.000000, -1.000000, 48.851139, 0.000000 
50.000000, 50.500000, -0.500000, 47.840038, 2.000000, 0.066667, 0.000000, -1.000000, 48.840038, 0.000000 
50.000000, 50.500000, -0.500000, 47.828938, 2.000000, 0.066667, 0.000000, -1.000000, 48.828938, 0.000000 
50.000000, 50.500000, -0.500000, 47.817837, 2.000000, 0.066667, 0.000000, -1.000000, 48.817837, 0.000000 
50.000000, 50.500000, -0.500000, 47.806736, 2.000000, 0.066667, 0.000000, -1.000000, 48.806736, 0.000000 
50.000000, 50.500000, -0.500000, 47.795635, 2.000000, 0.066667, 0.000000, -1.000000, 48.795635, 0.000000 
50.000000, 50.500000, -0.500000, 47.784534, 2.000000, 0.066667, 0.000000, -1.000000, 48.784534, 0.000000 
50.000000, 50.500000, -0.500000, 47.773438, 2.000000, 0.066667, 0.000000, -1.000000, 48.773438, 0.000000 
50.000000, 50.500000, -0.500000, 47.762337, 2.000000, 0.066667, 0.000000, -1.000000, 48.762337, 0.000000 
50.000000, 50.500000, -0.500000, 47.751236, 2.000000, 0.066667, 0.000000, -1.000000, 48.751236, 0.000000 
50.000000, 51.000000, -1.000000, 46.729034, 2.000000, 0.066667, 0.000000, -2.000000, 48.729034, -0.000000 
50.000000, 50.500000, -0.500000, 47.717934, 2.000000, 0.066667, 0.000000, -1.000000, 48.717934, 0.000000 
50.000000, 50.500000, -0.500000, 47.706833, 2.000000, 0.066667, 0.000000, -1.000000, 48.706833, 0.000000 
50.000000, 50.500000, -0.500000, 47.695736, 2.000000, 0.066667, 0.000000, -1.000000, 48.695736, 0.000000 
50.000000, 50.500000, -0.500000, 47.684635, 2.000000, 0.066667, 0.000000, -1.000000, 48.684635, 0.000000 
50.000000, 50.500000, -0.500000, 47.673534, 2.000000, 0.066667, 0.000000, -1.000000, 48.673534, 0.000000 
50.000000, 50.500000, -0.500000, 47.662434, 2.000000, 0.066667, 0.000000, -1.000000, 48.662434, 0.000000 
50.000000, 50.500000, -0.500000, 47.651333, 2.000000, 0.066667, 0.000000, -1.000000, 48.651333, 0.000000 
50.000000, 50.500000, -0.500000, 47.640232, 2.000000, 0.066667, 0.000000, -1.000000, 48.640232, 0.000000 
50.000000, 50.500000, -0.500000, 47.629131, 2.000000, 0.066667, 0.000000, -1.000000, 48.629131, 0.000000 
50.000000, 50.500000, -0.500000, 47.618031, 2.000000, 0.066667, 0.000000, -1.000000, 48.618031, 0.000000 
50.000000, 50.500000, -0.500000, 47.606934, 2.000000, 0.066667, 0.000000, -1.000000, 48.606934, 0.000000 
50.000000, 50.500000, -0.500000, 47.595833, 2.000000, 0.066667, 0.000000, -1.000000, 48.595833, 0.000000 
50.000000, 50.500000, -0.500000, 47.584732, 2.000000, 0.066667, 0.000000, -1.000000, 48.584732, 0.000000 
50.000000, 50.500000, -0.500000, 47.573631, 2.000000, 0.066667, 0.000000, -1.000000, 48.573631, 0.000000 
50.000000, 50.500000, -0.500000, 47.562531, 2.000000, 0.066667, 0.000000, -1.000000, 48.562531, 0.000000 
50.000000, 50.500000, -0.500000, 47.551430, 2.000000, 0.066667, 0.000000, -1.000000, 48.551430, 0.000000 
50.000000, 50.500000, -0.500000, 47.540329, 2.000000, 0.066667, 0.000000, -1.000000, 48.540329, 0.000000 
50.000000, 50.500000, -0.500000, 47.529232, 2.000000, 0.066667, 0.000000, -1.000000, 48.529232, 0.000000 
50.000000, 50.500000, -0.500000, 47.518131, 2.000000, 0.066667, 0.000000, -1.000000, 48.518131, 0.000000 
50.000000, 50.500000, -0.500000, 47.507030, 2.000000, 0.066667, 0.000000, -1.000000, 48.507030, 0.000000 
50.000000, 50.500000, -0.500000, 47.495930, 2.000000, 0.066667, 0.000000, -1.000000, 48.495930, 0.000000 
50.000000, 50.500000, -0.500000, 47.484829, 2.000000, 0.066667, 0.000000, -1.000000, 48.484829, 0.000000 
50.000000, 50.500000, -0.500000, 47.473728, 2.000000, 0.066667, 0.000000, -1.000000, 48.473728, 0.000000 
50.000000, 50.500000, -0.500000, 47.462627, 2.000000, 0.066667, 0.000000, -1.000000, 48.462627, 0.000000 
50.000000, 50.500000, -0.500000, 47.451527, 2.000000, 0.066667, 0.000000, -1.000000, 48.451527, 0.000000 
50.000000, 50.500000, -0.500000, 47.440430, 2.000000, 0.066667, 0.000000, -1.000000, 48.440430, 0.000000 
50.000000, 50.500000, -0.500000, 47.429329, 2.000000, 0.066667, 0.000000, -1.000000, 48.429329, 0.000000 
50.000000, 50.500000, -0.500000, 47.418228, 2.000000, 0.066667, 0.000000, -1.000000, 48.418228, 0.000000 
50.000000, 50.500000, -0.500000, 47.407127, 2.000000, 0.066667, 0.000000, -1.000000, 48.407127, 0.000000 
50.000000, 50.500000, -0.500000, 47.396027, 2.000000, 0.066667, 0.000000, -1.000000, 48.396027, 0.000000 
50.000000, 50.500000, -0.500000, 47.384926, 2.000000, 0.066667, 0.000000, -1.000000, 48.384926, 0.000000 
50.000000, 50.500000, -0.500000, 47.373825, 2.000000, 0.066667, 0.000000, -1.000000, 48.373825, 0.000000 
50.000000, 50.500000, -0.500000, 47.362728, 2.000000, 0.066667, 0.000000, -1.000000, 48.362728, 0.000000 
50.000000, 51.000000, -1.000000, 46.340527, 2.000000, 0.066667, 0.000000, -2.000000, 48.340527, -0.000000 
50.000000, 51.000000, -1.000000, 46.318325, 2.000000, 0.066667, 0.000000, -2.000000, 48.318325, 0.000000 
50.000000, 50.500000, -0.500000, 47.307224, 2.000000, 0.066667, 0.000000, -1.000000, 48.307224, 0.000000 
50.000000, 51.000000, -1.000000, 46.285023, 2.000000, 0.066667, 0.000000, -2.000000, 48.285023, -0.000000 
50.000000, 50.500000, -0.500000, 47.273926, 2.000000, 0.066667, 0.000000, -1.000000, 48.273926, 0.000000 
50.000000, 50.500000, -0.500000, 47.262825, 2.000000, 0.066667, 0.000000, -1.000000, 48.262825, 0.000000 
50.000000, 51.000000, -1.000000, 46.240623, 2.000000, 0.066667, 0.000000, -2.000000, 48.240623, -0.000000 
50.000000, 50.500000, -0.500000, 47.229523, 2.000000, 0.066667, 0.000000, -1.000000, 48.229523, 0.000000 
50.000000, 51.000000, -1.000000, 46.207321, 2.000000, 0.066667, 0.000000, -2.000000, 48.207321, -0.000000 
50.000000, 51.000000, -1.000000, 46.185123, 2.000000, 0.066667, 0.000000, -2.000000, 48.185123, 0.000000 
50.000000, 51.000000, -1.000000, 46.162922, 2.000000, 0.066667, 0.000000, -2.000000, 48.162922, 0.000000 
50.000000, 51.000000, -1.000000, 46.140720, 2.000000, 0.066667, 0.000000, -2.000000, 48.140720, 0.000000 
50.000000, 51.000000, -1.000000, 46.118519, 2.000000, 0.066667, 0.000000, -2.000000, 48.118519, 0.000000 
50.000000, 51.000000, -1.000000, 46.096321, 2.000000, 0.066667, 0.000000, -2.000000, 48.096321, 0.000000 
50.000000, 51.000000, -1.000000, 46.074120, 2.000000, 0.066667, 0.000000, -2.000000, 48.074120, 0.000000 
50.000000, 51.000000, -1.000000, 46.051918, 2.000000, 0.066667, 0.000000, -2.000000, 48.051918, 0.000000 
50.000000, 51.000000, -1.000000, 46.029720, 2.000000, 0.066667, 0.000000, -2.000000, 48.029720, 0.000000 
50.000000, 51.000000, -1.000000, 46.007519, 2.000000, 0.066667, 0.000000, -2.000000, 48.007519, 0.000000 
50.000000, 51.000000, -1.000000, 45.985317, 2.000000, 0.066667, 0.000000, -2.000000, 47.985317, 0.000000 
50.000000, 51.000000, -1.000000, 45.963116, 2.000000, 0.066667, 0.000000, -2.000000, 47.963116, 0.000000 
50.000000, 51.000000, -1.000000, 45.940918, 2.000000, 0.066667, 0.000000, -2.000000, 47.940918, 0.000000 
50.000000, 51.000000, -1.000000, 45.918716, 2.000000, 0.066667, 0.000000, -2.000000, 47.918716, 0.000000 
50.000000, 51.000000, -1.000000, 45.896515, 2.000000, 0.066667, 0.000000, -2.000000, 47.896515, 0.000000 
50.000000, 51.000000, -1.000000, 45.874313, 2.000000, 0.066667, 0.000000, -2.000000, 47.874313, 0.000000 
50.000000, 51.000000, -1.000000, 45.852116, 2.000000, 0.066667, 0.000000, -2.000000, 47.852116, 0.000000 
50.000000, 51.000000, -1.000000, 45.829914, 2.000000, 0.066667, 0.000000, -2.000000, 47.829914, 0.000000 
50.000000, 51.000000, -1.000000, 45.807713, 2.000000, 0.066667, 0.000000, -2.000000, 47.807713, 0.000000 
50.000000, 51.000000, -1.000000, 45.785511, 2.000000, 0.066667, 0.000000, -2.000000, 47.785511, 0.000000 
50.000000, 51.000000, -1.000000, 45.763313, 2.000000, 0.066667, 0.000000, -2.000000, 47.763313, 0.000000 
50.000000, 51.000000, -1.000000, 45.741112, 2.000000, 0.066667, 0.000000, -2.000000, 47.741112, 0.000000 
50.000000, 51.000000, -1.000000, 45.718910, 2.000000, 0.066667, 0.000000, -2.000000, 47.718910, 0.000000 
50.000000, 51.000000, -1.000000, 45.696712, 2.000000, 0.066667, 0.000000, -2.000000, 47.696712, 0.000000 
50.000000, 51.000000, -1.000000, 45.674511, 2.000000, 0.066667, 0.000000, -2.000000, 47.674511, 0.000000 
50.000000, 51.000000, -1.000000, 45.652309, 2.000000, 0.066667, 0.000000, -2.000000, 47.652309, 0.000000 
50.000000, 51.000000, -1.000000, 45.630108, 2.000000, 0.066667, 0.000000, -2.000000, 47.630108, 0.000000 
50.000000, 51.000000, -1.000000, 45.607910, 2.000000, 0.066667, 0.000000, -2.000000, 47.607910, 0.000000 
50.000000, 51.000000, -1.000000, 45.585709, 2.000000, 0.066667, 0.000000, -2.000000, 47.585709, 0.000000 
50.000000, 51.000000, -1.000000, 45.563507, 2.000000, 0.066667, 0.000000, -2.000000, 47.563507, 0.000000 
50.000000, 51.000000, -1.000000, 45.541306, 2.000000, 0.066667, 0.000000, -2.000000, 47.541306, 0.000000 
50.000000, 51.000000, -1.000000, 45.519108, 2.000000, 0.066667, 0.000000, -2.000000, 47.519108, 0.000000 
50.000000, 51.000000, -1.000000, 45.496906, 2.000000, 0.066667, 0.000000, -2.000000, 47.496906, 0.000000 
50.000000, 51.000000, -1.000000, 45.474705, 2.000000, 0.066667, 0.000000, -2.000000, 47.474705, 0.000000 
50.000000, 51.000000, -1.000000, 45.452503, 2.000000, 0.066667, 0.000000, -2.000000, 47.452503, 0.000000 
50.000000, 51.000000, -1.000000, 45.430305, 2.000000, 0.066667, 0.000000, -2.000000, 47.430305, 0.000000 
50.000000, 51.000000, -1.000000, 45.408104, 2.000000, 0.066667, 0.000000, -2.000000, 47.408104, 0.000000 
50.000000, 51.000000, -1.000000, 45.385902, 2.000000, 0.066667, 0.000000, -2.000000, 47.385902, 0.000000 
50.000000, 51.000000, -1.000000, 45.363705, 2.000000, 0.066667, 0.000000, -2.000000, 47.363705, 0.000000 
50.000000, 51.000000, -1.000000, 45.341503, 2.000000, 0.066667, 0.000000, -2.000000, 47.341503, 0.000000 
50.000000, 51.000000, -1.000000, 45.319302, 2.000000, 0.066667, 0.000000, -2.000000, 47.319302, 0.000000 
50.000000, 51.000000, -1.000000, 45.297100, 2.000000, 0.066667, 0.000000, -2.000000, 47.297100, 0.000000 
50.000000, 51.000000, -1.000000, 45.274902, 2.000000, 0.066667, 0.000000, -2.000000, 47.274902, 0.000000 
50.000000, 51.000000, -1.000000, 45.252701, 2.000000, 0.066667, 0.000000, -2.000000, 47.252701, 0.000000 
50.000000, 51.000000, -1.000000, 45.230499, 2.000000, 0.066667, 0.000000, -2.000000, 47.230499, 0.000000 
50.000000, 51.000000, -1.000000, 45.208298, 2.000000, 0.066667, 0.000000, -2.000000, 47.208298, 0.000000 
50.000000, 51.000000, -1.000000, 45.186100, 2.000000, 0.066667, 0.000000, -2.000000, 47.186100, 0.000000 
50.000000, 51.000000, -1.000000, 45.163898, 2.000000, 0.066667, 0.000000, -2.000000, 47.163898, 0.000000 
50.000000, 51.000000, -1.000000, 45.141697, 2.000000, 0.066667, 0.000000, -2.000000, 47.141697, 0.000000 
50.000000, 51.000000, -1.000000, 45.119495, 2.000000, 0.066667, 0.000000, -2.000000, 47.119495, 0.000000 
50.000000, 51.000000, -1.000000, 45.097298, 2.000000, 0.066667, 0.000000, -2.000000, 47.097298, 0.000000 
50.000000, 51.000000, -1.000000, 45.075096, 2.000000, 0.066667, 0.000000, -2.000000, 47.075096, 0.000000 
50.000000, 51.000000, -1.000000, 45.052895, 2.000000, 0.066667, 0.000000, -2.000000, 47.052895, 0.000000 
50.000000, 51.000000, -1.000000, 45.030697, 2.000000, 0.066667, 0.000000, -2.000000, 47.030697, 0.000000 
50.000000, 51.000000, -1.000000, 45.008495, 2.000000, 0.066667, 0.000000, -2.000000, 47.008495, 0.000000 
50.000000, 51.000000, -1.000000, 44.986294, 2.000000, 0.066667, 0.000000, -2.000000, 46.986294, 0.000000 
50.000000, 51.000000, -1.000000, 44.964092, 2.000000, 0.066667, 0.000000, -2.000000, 46.964092, 0.000000 
50.000000, 51.000000, -1.000000, 44.941895, 2.000000, 0.066667, 0.000000, -2.000000, 46.941895, 0.000000 
50.000000, 51.000000, -1.000000, 44.919693, 2.000000, 0.066667, 0.000000, -2.000000, 46.919693, 0.000000 
50.000000, 51.000000, -1.000000, 44.897491, 2.000000, 0.066667, 0.000000, -2.000000, 46.897491, 0.000000 
50.000000, 51.000000, -1.000000, 44.875290, 2.000000, 0.066667, 0.000000, -2.000000, 46.875290, 0.000000 
50.000000, 51.000000, -1.000000, 44.853092, 2.000000, 0.066667, 0.000000, -2.000000, 46.853092, 0.000000 
50.000000, 51.000000, -1.000000, 44.830891, 2.000000, 0.066667, 0.000000, -2.000000, 46.830891, 0.000000 
50.000000, 51.000000, -1.000000, 44.808689, 2.000000, 0.066667, 0.000000, -2.000000, 46.808689, 0.000000 
50.000000, 51.000000, -1.000000, 44.786488, 2.000000, 0.066667, 0.000000, -2.000000, 46.786488, 0.000000 
50.000000, 51.000000, -1.000000, 44.764290, 2.000000, 0.066667, 0.000000, -2.000000, 46.764290, 0.000000 
50.000000, 51.000000, -1.000000, 44.742088, 2.000000, 0.066667, 0.000000, -2.000000, 46.742088, 0.000000 
50.000000, 51.000000, -1.000000, 44.719887, 2.000000, 0.066667, 0.000000, -2.000000, 46.719887, 0.000000 
50.000000, 51.000000, -1.000000, 44.697689, 2.000000, 0.066667, 0.000000, -2.000000, 46.697689, 0.000000 
50.000000, 51.000000, -1.000000, 44.675488, 2.000000, 0.066667, 0.000000, -2.000000, 46.675488, 0.000000 
50.000000, 51.000000, -1.000000, 44.653286, 2.000000, 0.066667, 0.000000, -2.000000, 46.653286, 0.000000 
50.000000, 51.000000, -1.000000, 44.631084, 2.000000, 0.066667, 0.000000, -2.000000, 46.631084, 0.000000 
50.000000, 51.000000, -1.000000, 44.608887, 2.000000, 0.066667, 0.000000, -2.000000, 46.608887, 0.000000 
50.000000, 51.000000, -1.000000, 44.586685, 2.000000, 0.066667, 0.000000, -2.000000, 46.586685, 0.000000 
50.000000, 51.000000, -1.000000, 44.564484, 2.000000, 0.066667, 0.000000, -2.000000, 46.564484, 0.000000 
50.000000, 51.000000, -1.000000, 44.542282, 2.000000, 0.066667, 0.000000, -2.000000, 46.542282, 0.000000 
50.000000, 51.000000, -1.000000, 44.520084, 2.000000, 0.066667, 0.000000, -2.000000, 46.520084, 0.000000 
50.000000, 51.000000, -1.000000, 44.497883, 2.000000, 0.066667, 0.000000, -2.000000, 46.497883, 0.000000 
50.000000, 51.000000, -1.000000, 44.475681, 2.000000, 0.066667, 0.000000, -2.000000, 46.475681, 0.000000 
50.000000, 51.000000, -1.000000, 44.453480, 2.000000, 0.066667, 0.000000, -2.000000, 46.453480, 0.000000 
50.000000, 51.000000, -1.000000, 44.431282, 2.000000, 0.066667, 0.000000, -2.000000, 46.431282, 0.000000 
50.000000, 51.000000, -1.000000, 44.409081, 2.000000, 0.066667, 0.000000, -2.000000, 46.409081, 0.000000 
50.000000, 51.000000, -1.000000, 44.386879, 2.000000, 0.066667, 0.000000, -2.000000, 46.386879, 0.000000 
50.000000, 51.000000, -1.000000, 44.364681, 2.000000, 0.066667, 0.000000, -2.000000, 46.364681, 0.000000 
50.000000, 51.000000, -1.000000, 44.342480, 2.000000, 0.066667, 0.000000, -2.000000, 46.342480, 0.000000 
50.000000, 51.000000, -1.000000, 44.320278, 2.000000, 0.066667, 0.000000, -2.000000, 46.320278, 0.000000 
50.000000, 51.000000, -1.000000, 44.298077, 2.000000, 0.066667, 0.000000, -2.000000, 46.298077, 0.000000 
50.000000, 51.500000, -1.500000, 43.264778, 2.000000, 0.066667, 0.000000, -3.000000, 46.264778, -0.000000 
50.000000, 51.000000, -1.000000, 44.242577, 2.000000, 0.066667, 0.000000, -2.000000, 46.242577, 0.000000 
50.000000, 51.000000, -1.000000, 44.220375, 2.000000, 0.066667, 0.000000, -2.000000, 46.220375, 0.000000 
50.000000, 51.000000, -1.000000, 44.198174, 2.000000, 0.066667, 0.000000, -2.000000, 46.198174, 0.000000 
50.000000, 51.000000, -1.000000, 44.175976, 2.000000, 0.066667, 0.000000, -2.000000, 46.175976, 0.000000 
50.000000, 51.000000, -1.000000, 44.153774, 2.000000, 0.066667, 0.000000, -2.000000, 46.153774, 0.000000 
50.000000, 51.000000, -1.000000, 44.131573, 2.000000, 0.066667, 0.000000, -2.000000, 46.131573, 0.000000 
50.000000, 51.500000, -1.500000, 43.098274, 2.000000, 0.066667, 0.000000, -3.000000, 46.098274, -0.000000 
50.000000, 51.000000, -1.000000, 44.076073, 2.000000, 0.066667, 0.000000, -2.000000, 46.076073, 0.000000 
50.000000, 51.000000, -1.000000, 44.053871, 2.000000, 0.066667, 0.000000, -2.000000, 46.053871, 0.000000 
50.000000, 51.000000, -1.000000, 44.031670, 2.000000, 0.066667, 0.000000, -2.000000, 46.031670, 0.000000 
50.000000, 51.000000, -1.000000, 44.009472, 2.000000, 0.066667, 0.000000, -2.000000, 46.009472, 0.000000 
50.000000, 51.000000, -1.000000, 43.987270, 2.000000, 0.066667, 0.000000, -2.000000, 45.987270, 0.000000 
50.000000, 51.000000, -1.000000, 43.965069, 2.000000, 0.066667, 0.000000, -2.000000, 45.965069, 0.000000 
50.000000, 51.000000, -1.000000, 43.942871, 2.000000, 0.066667, 0.000000, -2.000000, 45.942871, 0.000000 
50.000000, 51.000000, -1.000000, 43.920670, 2.000000, 0.066667, 0.000000, -2.000000, 45.920670, 0.000000 
50.000000, 51.000000, -1.000000, 43.898468, 2.000000, 0.066667, 0.000000, -2.000000, 45.898468, 0.000000 
50.000000, 51.000000, -1.000000, 43.876266, 2.000000, 0.066667, 0.000000, -2.000000, 45.876266, 0.000000 
50.000000, 51.000000, -1.000000, 43.854069, 2.000000, 0.066667, 0.000000, -2.000000, 45.854069, 0.000000 
50.000000, 51.000000, -1.000000, 43.831867, 2.000000, 0.066667, 0.000000, -2.000000, 45.831867, 0.000000 
50.000000, 51.000000, -1.000000, 43.809666, 2.000000, 0.066667, 0.000000, -2.000000, 45.809666, 0.000000 
50.000000, 51.000000, -1.000000, 43.787464, 2.000000, 0.066667, 0.000000, -2.000000, 45.787464, 0.000000 
50.000000, 51.000000, -1.000000, 43.765266, 2.000000, 0.066667, 0.000000, -2.000000, 45.765266, 0.000000 
50.000000, 51.000000, -1.000000, 43.743065, 2.000000, 0.066667, 0.000000, -2.000000, 45.743065, 0.000000 
50.000000, 51.000000, -1.000000, 43.720863, 2.000000, 0.066667, 0.000000, -2.000000, 45.720863, 0.000000 
50.000000, 51.000000, -1.000000, 43.698662, 2.000000, 0.066667, 0.000000, -2.000000, 45.698662, 0.000000 
50.000000, 51.000000, -1.000000, 43.676464, 2.000000, 0.066667, 0.000000, -2.000000, 45.676464, 0.000000 
50.000000, 51.000000, -1.000000, 43.654263, 2.000000, 0.066667, 0.000000, -2.000000, 45.654263, 0.000000 
50.000000, 51.000000, -1.000000, 43.632061, 2.000000, 0.066667, 0.000000, -2.000000, 45.632061, 0.000000 
50.000000, 51.000000, -1.000000, 43.609863, 2.000000, 0.066667, 0.000000, -2.000000, 45.609863, 0.000000 
50.000000, 51.000000, -1.000000, 43.587662, 2.000000, 0.066667, 0.000000, -2.000000, 45.587662, 0.000000 
50.000000, 51.000000, -1.000000, 43.565460, 2.000000, 0.066667, 0.000000, -2.000000, 45.565460, 0.000000 
50.000000, 51.000000, -1.000000, 43.543259, 2.000000, 0.066667, 0.000000, -2.000000, 45.543259, 0.000000 
50.000000, 51.000000, -1.000000, 43.521061, 2.000000, 0.066667, 0.000000, -2.000000, 45.521061, 0.000000 
50.000000, 51.000000, -1.000000, 43.498859, 2.000000, 0.066667, 0.000000, -2.000000, 45.498859, 0.000000 
50.000000, 51.000000, -1.000000, 43.476658, 2.000000, 0.066667, 0.000000, -2.000000, 45.476658, 0.000000 
50.000000, 51.000000, -1.000000, 43.454456, 2.000000, 0.066667, 0.000000, -2.000000, 45.454456, 0.000000 
50.000000, 51.000000, -1.000000, 43.432259, 2.000000, 0.066667, 0.000000, -2.000000, 45.432259, 0.000000 
50.000000, 51.000000, -1.000000, 43.410057, 2.000000, 0.066667, 0.000000, -2.000000, 45.410057, 0.000000 
50.000000, 51.000000, -1.000000, 43.387856, 2.000000, 0.066667, 0.000000, -2.000000, 45.387856, 0.000000 
50.000000, 51.000000, -1.000000, 43.365654, 2.000000, 0.066667, 0.000000, -2.000000, 45.365654, 0.000000 
50.000000, 51.000000, -1.000000, 43.343456, 2.000000, 0.066667, 0.000000, -2.000000, 45.343456, 0.000000 
50.000000, 51.000000, -1.000000, 43.321255, 2.000000, 0.066667, 0.000000, -2.000000, 45.321255, 0.000000 
50.000000, 51.000000, -1.000000, 43.299053, 2.000000, 0.066667, 0.000000, -2.000000, 45.299053, 0.000000 
50.000000, 51.000000, -1.000000, 43.276855, 2.000000, 0.066667, 0.000000, -2.000000, 45.276855, 0.000000 
50.000000, 51.000000, -1.000000, 43.254654, 2.000000, 0.066667, 0.000000, -2.000000, 45.254654, 0.000000 
50.000000, 51.000000, -1.000000, 43.232452, 2.000000, 0.066667, 0.000000, -2.000000, 45.232452, 0.000000 
50.000000, 51.000000, -1.000000, 43.210251, 2.000000, 0.066667, 0.000000, -2.000000, 45.210251, 0.000000 
50.000000, 51.000000, -1.000000, 43.188053, 2.000000, 0.066667, 0.000000, -2.000000, 45.188053, 0.000000 
50.000000, 51.000000, -1.000000, 43.165852, 2.000000, 0.066667, 0.000000, -2.000000, 45.165852, 0.000000 
50.000000, 51.000000, -1.000000, 43.143650, 2.000000, 0.066667, 0.000000, -2.000000, 45.143650, 0.000000 
50.000000, 51.000000, -1.000000, 43.121449, 2.000000, 0.066667, 0.000000, -2.000000, 45.121449, 0.000000 
50.000000, 51.000000, -1.000000, 43.099251, 2.000000, 0.066667, 0.000000, -2.000000, 45.099251, 0.000000 
50.000000, 51.000000, -1.000000, 43.077049, 2.000000, 0.066667, 0.000000, -2.000000, 45.077049, 0.000000 
50.000000, 51.000000, -1.000000, 43.054848, 2.000000, 0.066667, 0.000000, -2.000000, 45.054848, 0.000000 
50.000000, 51.000000, -1.000000, 43.032646, 2.000000, 0.066667, 0.000000, -2.000000, 45.032646, 0.000000 
50.000000, 51.000000, -1.000000, 43.010448, 2.000000, 0.066667, 0.000000, -2.000000, 45.010448, 0.000000 
50.000000, 51.000000, -1.000000, 42.988247, 2.000000, 0.066667, 0.000000, -2.000000, 44.988247, 0.000000 
50.000000, 51.000000, -1.000000, 42.966045, 2.000000, 0.066667, 0.000000, -2.000000, 44.966045, 0.000000 
50.000000, 51.000000, -1.000000, 42.943848, 2.000000, 0.066667, 0.000000, -2.000000, 44.943848, 0.000000 
50.000000, 51.000000, -1.000000, 42.921646, 2.000000, 0.066667, 0.000000, -2.000000, 44.921646, 0.000000 
50.000000, 51.000000, -1.000000, 42.899445, 2.000000, 0.066667, 0.000000, -2.000000, 44.899445, 0.000000 
50.000000, 51.000000, -1.000000, 42.877243, 2.000000, 0.066667, 0.000000, -2.000000, 44.877243, 0.000000 
50.000000, 51.000000, -1.000000, 42.855045, 2.000000, 0.066667, 0.000000, -2.000000, 44.855045, 0.000000 
50.000000, 51.000000, -1.000000, 42.832844, 2.000000, 0.066667, 0.000000, -2.000000, 44.832844, 0.000000 
50.000000, 51.000000, -1.000000, 42.810642, 2.000000, 0.066667, 0.000000, -2.000000, 44.810642, 0.000000 
50.000000, 51.000000, -1.000000, 42.788441, 2.000000, 0.066667, 0.000000, -2.000000, 44.788441, 0.000000 
50.000000, 51.000000, -1.000000, 42.766243, 2.000000, 0.066667, 0.000000, -2.000000, 44.766243, 0.000000 
50.000000, 51.000000, -1.000000, 42.744041, 2.000000, 0.066667, 0.000000, -2.000000, 44.744041, 0.000000 
50.000000, 51.000000, -1.000000, 42.721840, 2.000000, 0.066667, 0.000000, -2.000000, 44.721840, 0.000000 
50.000000, 51.000000, -1.000000, 42.699638, 2.000000, 0.066667, 0.000000, -2.000000, 44.699638, 0.000000 
50.000000, 51.000000, -1.000000, 42.677441, 2.000000, 0.066667, 0.000000, -2.000000, 44.677441, 0.000000 
50.000000, 51.000000, -1.000000, 42.655239, 2.000000, 0.066667, 0.000000, -2.000000, 44.655239, 0.000000 
50.000000, 51.000000, -1.000000, 42.633038, 2.000000, 0.066667, 0.000000, -2.000000, 44.633038, 0.000000 
50.000000, 51.000000, -1.000000, 42.610840, 2.000000, 0.066667, 0.000000, -2.000000, 44.610840, 0.000000 
50.000000, 51.000000, -1.000000, 42.588638, 2.000000, 0.066667, 0.000000, -2.000000, 44.588638, 0.000000 
50.000000, 51.000000, -1.000000, 42.566437, 2.000000, 0.066667, 0.000000, -2.000000, 44.566437, 0.000000 
50.000000, 51.000000, -1.000000, 42.544235, 2.000000, 0.066667, 0.000000, -2.000000, 44.544235, 0.000000 
50.000000, 51.000000, -1.000000, 42.522038, 2.000000, 0.066667, 0.000000, -2.000000, 44.522038, 0.000000 
50.000000, 51.000000, -1.000000, 42.499836, 2.000000, 0.066667, 0.000000, -2.000000, 44.499836, 0.000000 
50.000000, 51.000000, -1.000000, 42.477634, 2.000000, 0.066667, 0.000000, -2.000000, 44.477634, 0.000000 
50.000000, 51.000000, -1.000000, 42.455433, 2.000000, 0.066667, 0.000000, -2.000000, 44.455433, 0.000000 
50.000000, 51.000000, -1.000000, 42.433235, 2.000000, 0.066667, 0.000000, -2.000000, 44.433235, 0.000000 
50.000000, 51.000000, -1.000000, 42.411034, 2.000000, 0.066667, 0.000000, -2.000000, 44.411034, 0.000000 
50.000000, 51.000000, -1.000000, 42.388832, 2.000000, 0.066667, 0.000000, -2.000000, 44.388832, 0.000000 
50.000000, 51.000000, -1.000000, 42.366631, 2.000000, 0.066667, 0.000000, -2.000000, 44.366631, 0.000000 
50.000000, 51.000000, -1.000000, 42.344433, 2.000000, 0.066667, 0.000000, -2.000000, 44.344433, 0.000000 
50.000000, 51.000000, -1.000000, 42.322231, 2.000000, 0.066667, 0.000000, -2.000000, 44.322231, 0.000000 
50.000000, 51.000000, -1.000000, 42.300030, 2.000000, 0.066667, 0.000000, -2.000000, 44.300030, 0.000000 
50.000000, 51.000000, -1.000000, 42.277832, 2.000000, 0.066667, 0.000000, -2.000000, 44.277832, 0.000000 
50.000000, 51.000000, -1.000000, 42.255630, 2.000000, 0.066667, 0.000000, -2.000000, 44.255630, 0.000000 
50.000000, 51.000000, -1.000000, 42.233429, 2.000000, 0.066667, 0.000000, -2.000000, 44.233429, 0.000000 
50.000000, 51.000000, -1.000000, 42.211227, 2.000000, 0.066667, 0.000000, -2.000000, 44.211227, 0.000000 
50.000000, 51.000000, -1.000000, 42.189030, 2.000000, 0.066667, 0.000000, -2.000000, 44.189030, 0.000000 
50.000000, 51.000000, -1.000000, 42.166828, 2.000000, 0.066667, 0.000000, -2.000000, 44.166828, 0.000000 
50.000000, 51.000000, -1.000000, 42.144627, 2.000000, 0.066667, 0.000000, -2.000000, 44.144627, 0.000000 
50.000000, 51.000000, -1.000000, 42.122425, 2.000000, 0.066667, 0.000000, -2.000000, 44.122425, 0.000000 
50.000000, 51.000000, -1.000000, 42.100227, 2.000000, 0.066667, 0.000000, -2.000000, 44.100227, 0.000000 
50.000000, 51.000000, -1.000000, 42.078026, 2.000000, 0.066667, 0.000000, -2.000000, 44.078026, 0.000000 
50.000000, 51.000000, -1.000000, 42.055824, 2.000000, 0.066667, 0.000000, -2.000000, 44.055824, 0.000000 
50.000000, 51.000000, -1.000000, 42.033623, 2.000000, 0.066667, 0.000000, -2.000000, 44.033623, 0.000000 
50.000000, 51.000000, -1.000000, 42.011425, 2.000000, 0.066667, 0.000000, -2.000000, 44.011425, 0.000000 
50.000000, 51.000000, -1.000000, 41.989223, 2.000000, 0.066667, 0.000000, -2.000000, 43.989223, 0.000000 
50.000000, 51.000000, -1.000000, 41.967022, 2.000000, 0.066667, 0.000000, -2.000000, 43.967022, 0.000000 
50.000000, 51.000000, -1.000000, 41.944824, 2.000000, 0.066667, 0.000000, -2.000000, 43.944824, 0.000000 
50.000000, 51.000000, -1.000000, 41.922623, 2.000000, 0.066667, 0.000000, -2.000000, 43.922623, 0.000000 
50.000000, 51.000000, -1.000000, 41.900421, 2.000000, 0.066667, 0.000000, -2.000000, 43.900421, 0.000000 
50.000000, 51.000000, -1.000000, 41.878220, 2.000000, 0.066667, 0.000000, -2.000000, 43.878220, 0.000000 
50.000000, 51.000000, -1.000000, 41.856022, 2.000000, 0.066667, 0.000000, -2.000000, 43.856022, 0.000000 
50.000000, 51.000000, -1.000000, 41.833820, 2.000000, 0.066667, 0.000000, -2.000000, 43.833820, 0.000000 
50.000000, 51.000000, -1.000000, 41.811619, 2.000000, 0.066667, 0.000000, -2.000000, 43.811619, 0.000000 
50.000000, 51.000000, -1.000000, 41.789417, 2.000000, 0.066667, 0.000000, -2.000000, 43.789417, 0.000000 
50.000000, 51.000000, -1.000000, 41.767220, 2.000000, 0.066667, 0.000000, -2.000000, 43.767220, 0.000000 
50.000000, 51.000000, -1.000000, 41.745018, 2.000000, 0.066667, 0.000000, -2.000000, 43.745018, 0.000000 
50.000000, 51.000000, -1.000000, 41.722816, 2.000000, 0.066667, 0.000000, -2.000000, 43.722816, 0.000000 
50.000000, 51.000000, -1.000000, 41.700615, 2.000000, 0.066667, 0.000000, -2.000000, 43.700615, 0.000000 
50.000000, 51.000000, -1.000000, 41.678417, 2.000000, 0.066667, 0.000000, -2.000000, 43.678417, 0.000000 
50.000000, 51.000000, -1.000000, 41.656216, 2.000000, 0.066667, 0.000000, -2.000000, 43.656216, 0.000000 
50.000000, 51.000000, -1.000000, 41.634014, 2.000000, 0.066667, 0.000000, -2.000000, 43.634014, 0.000000 
50.000000, 51.000000, -1.000000, 41.611816, 2.000000, 0.066667, 0.000000, -2.000000, 43.611816, 0.000000 
50.000000, 51.000000, -1.000000, 41.589615, 2.000000, 0.066667, 0.000000, -2.000000, 43.589615, 0.000000 
50.000000, 51.000000, -1.000000, 41.567413, 2.000000, 0.066667, 0.000000, -2.000000, 43.567413, 0.000000 
50.000000, 51.000000, -1.000000, 41.545212, 2.000000, 0.066667, 0.000000, -2.000000, 43.545212, 0.000000 
50.000000, 51.000000, -1.000000, 41.523014, 2.000000, 0.066667, 0.000000, -2.000000, 43.523014, 0.000000 
50.000000, 51.000000, -1.000000, 41.500813, 2.000000, 0.066667, 0.000000, -2.000000, 43.500813, 0.000000 
50.000000, 51.000000, -1.000000, 41.478611, 2.000000, 0.066667, 0.000000, -2.000000, 43.478611, 0.000000 
50.000000, 51.000000, -1.000000, 41.456409, 2.000000, 0.066667, 0.000000, -2.000000, 43.456409, 0.000000 
50.000000, 51.000000, -1.000000, 41.434212, 2.000000, 0.066667, 0.000000, -2.000000, 43.434212, 0.000000 
50.000000, 51.000000, -1.000000, 41.412010, 2.000000, 0.066667, 0.000000, -2.000000, 43.412010, 0.000000 
50.000000, 51.000000, -1.000000, 41.389809, 2.000000, 0.066667, 0.000000, -2.000000, 43.389809, 0.000000 
50.000000, 51.000000, -1.000000, 41.367607, 2.000000, 0.066667, 0.000000, -2.000000, 43.367607, 0.000000 
50.000000, 51.000000, -1.000000, 41.345409, 2.000000, 0.066667, 0.000000, -2.000000, 43.345409, 0.000000 
50.000000, 51.000000, -1.000000, 41.323208, 2.000000, 0.066667, 0.000000, -2.000000, 43.323208, 0.000000 
50.000000, 51.000000, -1.000000, 41.301006, 2.000000, 0.066667, 0.000000, -2.000000, 43.301006, 0.000000 
50.000000, 51.000000, -1.000000, 41.278809, 2.000000, 0.066667, 0.000000, -2.000000, 43.278809, 0.000000 
50.000000, 51.000000, -1.000000, 41.256607, 2.000000, 0.066667, 0.000000, -2.000000, 43.256607, 0.000000 
50.000000, 51.000000, -1.000000, 41.234406, 2.000000, 0.066667, 0.000000, -2.000000, 43.234406, 0.000000 
50.000000, 51.000000, -1.000000, 41.212204, 2.000000, 0.066667, 0.000000, -2.000000, 43.212204, 0.000000 
50.000000, 51.000000, -1.000000, 41.190006, 2.000000, 0.066667, 0.000000, -2.000000, 43.190006, 0.000000 
50.000000, 50.500000, -0.500000, 42.178905, 2.000000, 0.066667, 0.000000, -1.000000, 43.178905, 0.000000 
50.000000, 50.500000, -0.500000, 42.167805, 2.000000, 0.066667, 0.000000, -1.000000, 43.167805, 0.000000 
50.000000, 50.500000, -0.500000, 42.156704, 2.000000, 0.066667, 0.000000, -1.000000, 43.156704, 0.000000 
50.000000, 51.000000, -1.000000, 41.134502, 2.000000, 0.066667, 0.000000, -2.000000, 43.134502, -0.000000 
50.000000, 51.000000, -1.000000, 41.112305, 2.000000, 0.066667, 0.000000, -2.000000, 43.112305, 0.000000 
50.000000, 51.000000, -1.000000, 41.090103, 2.000000, 0.066667, 0.000000, -2.000000, 43.090103, 0.000000 
50.000000, 51.000000, -1.000000, 41.067902, 2.000000, 0.066667, 0.000000, -2.000000, 43.067902, 0.000000 
50.000000, 51.000000, -1.000000, 41.045700, 2.000000, 0.066667, 0.000000, -2.000000, 43.045700, 0.000000 
50.000000, 51.000000, -1.000000, 41.023502, 2.000000, 0.066667, 0.000000, -2.000000, 43.023502, 0.000000 
50.000000, 50.500000, -0.500000, 42.012402, 2.000000, 0.066667, 0.000000, -1.000000, 43.012402, 0.000000 
50.000000, 51.000000, -1.000000, 40.990200, 2.000000, 0.066667, 0.000000, -2.000000, 42.990200, -0.000000 
50.000000, 51.000000, -1.000000, 40.967999, 2.000000, 0.066667, 0.000000, -2.000000, 42.967999, 0.000000 
50.000000, 51.000000, -1.000000, 40.945801, 2.000000, 0.066667, 0.000000, -2.000000, 42.945801, 0.000000 
50.000000, 50.500000, -0.500000, 41.934700, 2.000000, 0.066667, 0.000000, -1.000000, 42.934700, 0.000000 
50.000000, 50.500000, -0.500000, 41.923599, 2.000000, 0.066667, 0.000000, -1.000000, 42.923599, 0.000000 
50.000000, 50.500000, -0.500000, 41.912498, 2.000000, 0.066667, 0.000000, -1.000000, 42.912498, 0.000000 
50.000000, 51.000000, -1.000000, 40.890297, 2.000000, 0.066667, 0.000000, -2.000000, 42.890297, -0.000000 
50.000000, 51.000000, -1.000000, 40.868095, 2.000000, 0.066667, 0.000000, -2.000000, 42.868095, 0.000000 
50.000000, 51.000000, -1.000000, 40.845898, 2.000000, 0.066667, 0.000000, -2.000000, 42.845898, 0.000000 
50.000000, 51.000000, -1.000000, 40.823696, 2.000000, 0.066667, 0.000000, -2.000000, 42.823696, 0.000000 
50.000000, 51.000000, -1.000000, 40.801495, 2.000000, 0.066667, 0.000000, -2.000000, 42.801495, 0.000000 
50.000000, 51.000000, -1.000000, 40.779297, 2.000000, 0.066667, 0.000000, -2.000000, 42.779297, 0.000000 
50.000000, 51.000000, -1.000000, 40.757095, 2.000000, 0.066667, 0.000000, -2.000000, 42.757095, 0.000000 
50.000000, 50.500000, -0.500000, 41.745995, 2.000000, 0.066667, 0.000000, -1.000000, 42.745995, 0.000000 
50.000000, 50.500000, -0.500000, 41.734894, 2.000000, 0.066667, 0.000000, -1.000000, 42.734894, 0.000000 
50.000000, 50.500000, -0.500000, 41.723793, 2.000000, 0.066667, 0.000000, -1.000000, 42.723793, 0.000000 
50.000000, 50.500000, -0.500000, 41.712692, 2.000000, 0.066667, 0.000000, -1.000000, 42.712692, 0.000000 
50.000000, 50.500000, -0.500000, 41.701591, 2.000000, 0.066667, 0.000000, -1.000000, 42.701591, 0.000000 
50.000000, 50.500000, -0.500000, 41.690495, 2.000000, 0.066667, 0.000000, -1.000000, 42.690495, 0.000000 
50.000000, 50.500000, -0.500000, 41.679394, 2.000000, 0.066667, 0.000000, -1.000000, 42.679394, 0.000000 
50.000000, 50.500000, -0.500000, 41.668293, 2.000000, 0.066667, 0.000000, -1.000000, 42.668293, 0.000000 
50.000000, 50.500000, -0.500000, 41.657192, 2.000000, 0.066667, 0.000000, -1.000000, 42.657192, 0.000000 
50.000000, 50.500000, -0.500000, 41.646091, 2.000000, 0.066667, 0.000000, -1.000000, 42.646091, 0.000000 
50.000000, 50.500000, -0.500000, 41.634991, 2.000000, 0.066667, 0.000000, -1.000000, 42.634991, 0.000000 
50.000000, 50.500000, -0.500000, 41.623890, 2.000000, 0.066667, 0.000000, -1.000000, 42.623890, 0.000000 
50.000000, 50.500000, -0.500000, 41.612793, 2.000000, 0.066667, 0.000000, -1.000000, 42.612793, 0.000000 
50.000000, 50.500000, -0.500000, 41.601692, 2.000000, 0.066667, 0.000000, -1.000000, 42.601692, 0.000000 
50.000000, 50.500000, -0.500000, 41.590591, 2.000000, 0.066667, 0.000000, -1.000000, 42.590591, 0.000000 
50.000000, 50.500000, -0.500000, 41.579491, 2.000000, 0.066667, 0.000000, -1.000000, 42.579491, 0.000000 
50.000000, 50.500000, -0.500000, 41.568390, 2.000000, 0.066667, 0.000000, -1.000000, 42.568390, 0.000000 
50.000000, 50.500000, -0.500000, 41.557289, 2.000000, 0.066667, 0.000000, -1.000000, 42.557289, 0.000000 
50.000000, 50.500000, -0.500000, 41.546188, 2.000000, 0.066667, 0.000000, -1.000000, 42.546188, 0.000000 
50.000000, 50.500000, -0.500000, 41.535088, 2.000000, 0.066667, 0.000000, -1.000000, 42.535088, 0.000000 
50.000000, 50.500000, -0.500000, 41.523991, 2.000000, 0.066667, 0.000000, -1.000000, 42.523991, 0.000000 
50.000000, 50.500000, -0.500000, 41.512890, 2.000000, 0.066667, 0.000000, -1.000000, 42.512890, 0.000000 
50.000000, 50.500000, -0.500000, 41.501789, 2.000000, 0.066667, 0.000000, -1.000000, 42.501789, 0.000000 
50.000000, 50.500000, -0.500000, 41.490688, 2.000000, 0.066667, 0.000000, -1.000000, 42.490688, 0.000000 
50.000000, 50.500000, -0.500000, 41.479588, 2.000000, 0.066667, 0.000000, -1.000000, 42.479588, 0.000000 
50.000000, 50.500000, -0.500000, 41.468487, 2.000000, 0.066667, 0.000000, -1.000000, 42.468487, 0.000000 
50.000000, 50.500000, -0.500000, 41.457386, 2.000000, 0.066667, 0.000000, -1.000000, 42.457386, 0.000000 
50.000000, 50.500000, -0.500000, 41.446289, 2.000000, 0.066667, 0.000000, -1.000000, 42.446289, 0.000000 
50.000000, 50.500000, -0.500000, 41.435188, 2.000000, 0.066667, 0.000000, -1.000000, 42.435188, 0.000000 
50.000000, 50.500000, -0.500000, 41.424088, 2.000000, 0.066667, 0.000000, -1.000000, 42.424088, 0.000000 
50.000000, 50.500000, -0.500000, 41.412987, 2.000000, 0.066667, 0.000000, -1.000000, 42.412987, 0.000000 
50.000000, 50.500000, -0.500000, 41.401886, 2.000000, 0.066667, 0.000000, -1.000000, 42.401886, 0.000000 
50.000000, 50.500000, -0.500000, 41.390785, 2.000000, 0.066667, 0.000000, -1.000000, 42.390785, 0.000000 
50.000000, 50.500000, -0.500000, 41.379684, 2.000000, 0.066667, 0.000000, -1.000000, 42.379684, 0.000000 
50.000000, 50.500000, -0.500000, 41.368584, 2.000000, 0.066667, 0.000000, -1.000000, 42.368584, 0.000000 
50.000000, 50.500000, -0.500000, 41.357487, 2.000000, 0.066667, 0.000000, -1.000000, 42.357487, 0.000000 
50.000000, 50.500000, -0.500000, 41.346386, 2.000000, 0.066667, 0.000000, -1.000000, 42.346386, 0.000000 
50.000000, 50.500000, -0.500000, 41.335285, 2.000000, 0.066667, 0.000000, -1.000000, 42.335285, 0.000000 
50.000000, 50.500000, -0.500000, 41.324184, 2.000000, 0.066667, 0.000000, -1.000000, 42.324184, 0.000000 
50.000000, 50.500000, -0.500000, 41.313084, 2.000000, 0.066667, 0.000000, -1.000000, 42.313084, 0.000000 
50.000000, 50.500000, -0.500000, 41.301983, 2.000000, 0.066667, 0.000000, -1.000000, 42.301983, 0.000000 
50.000000, 50.500000, -0.500000, 41.290882, 2.000000, 0.066667, 0.000000, -1.000000, 42.290882, 0.000000 
50.000000, 50.500000, -0.500000, 41.279785, 2.000000, 0.066667, 0.000000, -1.000000, 42.279785, 0.000000 
50.000000, 50.500000, -0.500000, 41.268684, 2.000000, 0.066667, 0.000000, -1.000000, 42.268684, 0.000000 
50.000000, 50.500000, -0.500000, 41.257584, 2.000000, 0.066667, 0.000000, -1.000000, 42.257584, 0.000000 
50.000000, 50.500000, -0.500000, 41.246483, 2.000000, 0.066667, 0.000000, -1.000000, 42.246483, 0.000000 
50.000000, 50.500000, -0.500000, 41.235382, 2.000000, 0.066667, 0.000000, -1.000000, 42.235382, 0.000000 
50.000000, 50.500000, -0.500000, 41.224281, 2.000000, 0.066667, 0.000000, -1.000000, 42.224281, 0.000000 
50.000000, 50.500000, -0.500000, 41.213181, 2.000000, 0.066667, 0.000000, -1.000000, 42.213181, 0.000000 
50.000000, 50.500000, -0.500000, 41.202080, 2.000000, 0.066667, 0.000000, -1.000000, 42.202080, 0.000000 
50.000000, 50.500000, -0.500000, 41.190983, 2.000000, 0.066667, 0.000000, -1.000000, 42.190983, 0.000000 
50.000000, 50.500000, -0.500000, 41.179882, 2.000000, 0.066667, 0.000000, -1.000000, 42.179882, 0.000000 
50.000000, 50.500000, -0.500000, 41.168781, 2.000000, 0.066667, 0.000000, -1.000000, 42.168781, 0.000000 
50.000000, 50.500000, -0.500000, 41.157681, 2.000000, 0.066667, 0.000000, -1.000000, 42.157681, 0.000000 
50.000000, 50.500000, -0.500000, 41.146580, 2.000000, 0.066667, 0.000000, -1.000000, 42.146580, 0.000000 
50.000000, 50.500000, -0.500000, 41.135479, 2.000000, 0.066667, 0.000000, -1.000000, 42.135479, 0.000000 
50.000000, 50.500000, -0.500000, 41.124378, 2.000000, 0.066667, 0.000000, -1.000000, 42.124378, 0.000000 
50.000000, 50.500000, -0.500000, 41.113281, 2.000000, 0.066667, 0.000000, -1.000000, 42.113281, 0.000000 
50.000000, 50.500000, -0.500000, 41.102180, 2.000000, 0.066667, 0.000000, -1.000000, 42.102180, 0.000000 
50.000000, 50.500000, -0.500000, 41.091080, 2.000000, 0.066667, 0.000000, -1.000000, 42.091080, 0.000000 
50.000000, 50.500000, -0.500000, 41.079979, 2.000000, 0.066667, 0.000000, -1.000000, 42.079979, 0.000000 
50.000000, 50.500000, -0.500000, 41.068878, 2.000000, 0.066667, 0.000000, -1.000000, 42.068878, 0.000000 
50.000000, 50.500000, -0.500000, 41.057777, 2.000000, 0.066667, 0.000000, -1.000000, 42.057777, 0.000000 
50.000000, 50.500000, -0.500000, 41.046677, 2.000000, 0.066667, 0.000000, -1.000000, 42.046677, 0.000000 
50.000000, 50.500000, -0.500000, 41.035576, 2.000000, 0.066667, 0.000000, -1.000000, 42.035576, 0.000000 
50.000000, 50.500000, -0.500000, 41.024479, 2.000000, 0.066667, 0.000000, -1.000000, 42.024479, 0.000000 
50.000000, 50.500000, -0.500000, 41.013378, 2.000000, 0.066667, 0.000000, -1.000000, 42.013378, 0.000000 
50.000000, 50.500000, -0.500000, 41.002277, 2.000000, 0.066667, 0.000000, -1.000000, 42.002277, 0.000000 
50.000000, 50.500000, -0.500000, 40.991177, 2.000000, 0.066667, 0.000000, -1.000000, 41.991177, 0.000000 
50.000000, 50.500000, -0.500000, 40.980076, 2.000000, 0.066667, 0.000000, -1.000000, 41.980076, 0.000000 
50.000000, 50.500000, -0.500000, 40.968975, 2.000000, 0.066667, 0.000000, -1.000000, 41.968975, 0.000000 
50.000000, 50.500000, -0.500000, 40.957874, 2.000000, 0.066667, 0.000000, -1.000000, 41.957874, 0.000000 
50.000000, 50.500000, -0.500000, 40.946777, 2.000000, 0.066667, 0.000000, -1.000000, 41.946777, 0.000000 
50.000000, 50.500000, -0.500000, 40.935677, 2.000000, 0.066667, 0.000000, -1.000000, 41.935677, 0.000000 
50.000000, 50.500000, -0.500000, 40.924576, 2.000000, 0.066667, 0.000000, -1.000000, 41.924576, 0.000000 
50.000000, 50.500000, -0.500000, 40.913475, 2.000000, 0.066667, 0.000000, -1.000000, 41.913475, 0.000000 
50.000000, 50.500000, -0.500000, 40.902374, 2.000000, 0.066667, 0.000000, -1.000000, 41.902374, 0.000000 
50.000000, 50.500000, -0.500000, 40.891273, 2.000000, 0.066667, 0.000000, -1.000000, 41.891273, 0.000000 
50.000000, 50.500000, -0.500000, 40.880173, 2.000000, 0.066667, 0.000000, -1.000000, 41.880173, 0.000000 
50.000000, 50.500000, -0.500000, 40.869072, 2.000000, 0.066667, 0.000000, -1.000000, 41.869072, 0.000000 
50.000000, 50.500000, -0.500000, 40.857975, 2.000000, 0.066667, 0.000000, -1.000000, 41.857975, 0.000000 
50.000000, 50.500000, -0.500000, 40.846874, 2.000000, 0.066667, 0.000000, -1.000000, 41.846874, 0.000000 
50.000000, 50.500000, -0.500000, 40.835773, 2.000000, 0.066667, 0.000000, -1.000000, 41.835773, 0.000000 
50.000000, 50.500000, -0.500000, 40.824673, 2.000000, 0.066667, 0.000000, -1.000000, 41.824673, 0.000000 
50.000000, 50.500000, -0.500000, 40.813572, 2.000000, 0.066667, 0.000000, -1.000000, 41.813572, 0.000000 
50.000000, 50.500000, -0.500000, 40.802471, 2.000000, 0.066667, 0.000000, -1.000000, 41.802471, 0.000000 
50.000000, 50.500000, -0.500000, 40.791370, 2.000000, 0.066667, 0.000000, -1.000000, 41.791370, 0.000000 
50.000000, 50.500000, -0.500000, 40.780273, 2.000000, 0.066667, 0.000000, -1.000000, 41.780273, 0.000000 
50.000000, 50.500000, -0.500000, 40.769173, 2.000000, 0.066667, 0.000000, -1.000000, 41.769173, 0.000000 
50.000000, 50.500000, -0.500000, 40.758072, 2.000000, 0.066667, 0.000000, -1.000000, 41.758072, 0.000000 
50.000000, 50.500000, -0.500000, 40.746971, 2.000000, 0.066667, 0.000000, -1.000000, 41.746971, 0.000000 
50.000000, 50.500000, -0.500000, 40.735870, 2.000000, 0.066667, 0.000000, -1.000000, 41.735870, 0.000000 
50.000000, 50.500000, -0.500000, 40.724770, 2.000000, 0.066667, 0.000000, -1.000000, 41.724770, 0.000000 
50.000000, 50.500000, -0.500000, 40.713669, 2.000000, 0.066667, 0.000000, -1.000000, 41.713669, 0.000000 
50.000000, 50.500000, -0.500000, 40.702568, 2.000000, 0.066667, 0.000000, -1.000000, 41.702568, 0.000000 
50.000000, 50.500000, -0.500000, 40.691471, 2.000000, 0.066667, 0.000000, -1.000000, 41.691471, 0.000000 
50.000000, 50.500000, -0.500000, 40.680370, 2.000000, 0.066667, 0.000000, -1.000000, 41.680370, 0.000000 
50.000000, 50.500000, -0.500000, 40.669270, 2.000000, 0.066667, 0.000000, -1.000000, 41.669270, 0.000000 
50.000000, 50.500000, -0.500000, 40.658169, 2.000000, 0.066667, 0.000000, -1.000000, 41.658169, 0.000000 
50.000000, 50.500000, -0.500000, 40.647068, 2.000000, 0.066667, 0.000000, -1.000000, 41.647068, 0.000000 
50.000000, 50.500000, -0.500000, 40.635967, 2.000000, 0.066667, 0.000000, -1.000000, 41.635967, 0.000000 
50.000000, 50.500000, -0.500000, 40.624866, 2.000000, 0.066667, 0.000000, -1.000000, 41.624866, 0.000000 
50.000000, 50.500000, -0.500000, 40.613770, 2.000000, 0.066667, 0.000000, -1.000000, 41.613770, 0.000000 
50.000000, 50.500000, -0.500000, 40.602669, 2.000000, 0.066667, 0.000000, -1.000000, 41.602669, 0.000000 
50.000000, 50.500000, -0.500000, 40.591568, 2.000000, 0.066667, 0.000000, -1.000000, 41.591568, 0.000000 
50.000000, 50.500000, -0.500000, 40.580467, 2.000000, 0.066667, 0.000000, -1.000000, 41.580467, 0.000000 
50.000000, 50.500000, -0.500000, 40.569366, 2.000000, 0.066667, 0.000000, -1.000000, 41.569366, 0.000000 
50.000000, 50.500000, -0.500000, 40.558266, 2.000000, 0.066667, 0.000000, -1.000000, 41.558266, 0.000000 
50.000000, 50.500000, -0.500000, 40.547165, 2.000000, 0.066667, 0.000000, -1.000000, 41.547165, 0.000000 
50.000000, 50.500000, -0.500000, 40.536064, 2.000000, 0.066667, 0.000000, -1.000000, 41.536064, 0.000000 
50.000000, 50.500000, -0.500000, 40.524967, 2.000000, 0.066667, 0.000000, -1.000000, 41.524967, 0.000000 
50.000000, 50.500000, -0.500000, 40.513866, 2.000000, 0.066667, 0.000000, -1.000000, 41.513866, 0.000000 
50.000000, 50.500000, -0.500000, 40.502766, 2.000000, 0.066667, 0.000000, -1.000000, 41.502766, 0.000000 
50.000000, 50.500000, -0.500000, 40.491665, 2.000000, 0.066667, 0.000000, -1.000000, 41.491665, 0.000000 
50.000000, 50.500000, -0.500000, 40.480564, 2.000000, 0.066667, 0.000000, -1.000000, 41.480564, 0.000000 
50.000000, 50.500000, -0.500000, 40.469463, 2.000000, 0.066667, 0.000000, -1.000000, 41.469463, 0.000000 
50.000000, 50.500000, -0.500000, 40.458363, 2.000000, 0.066667, 0.000000, -1.000000, 41.458363, 0.000000 
50.000000, 50.500000, -0.500000, 40.447262, 2.000000, 0.066667, 0.000000, -1.000000, 41.447262, 0.000000 
50.000000, 50.500000, -0.500000, 40.436165, 2.000000, 0.066667, 0.000000, -1.000000, 41.436165, 0.000000 
50.000000, 50.500000, -0.500000, 40.425064, 2.000000, 0.066667, 0.000000, -1.000000, 41.425064, 0.000000 
50.000000, 50.500000, -0.500000, 40.413963, 2.000000, 0.066667, 0.000000, -1.000000, 41.413963, 0.000000 
50.000000, 50.500000, -0.500000, 40.402863, 2.000000, 0.066667, 0.000000, -1.000000, 41.402863, 0.000000 
50.000000, 50.500000, -0.500000, 40.391762, 2.000000, 0.066667, 0.000000, -1.000000, 41.391762, 0.000000 
50.000000, 50.500000, -0.500000, 40.380661, 2.000000, 0.066667, 0.000000, -1.000000, 41.380661, 0.000000 
50.000000, 50.500000, -0.500000, 40.369560, 2.000000, 0.066667, 0.000000, -1.000000, 41.369560, 0.000000 
50.000000, 51.000000, -1.000000, 39.347363, 2.000000, 0.066667, 0.000000, -2.000000, 41.347363, -0.000000 
50.000000, 50.500000, -0.500000, 40.336262, 2.000000, 0.066667, 0.000000, -1.000000, 41.336262, 0.000000 
50.000000, 50.500000, -0.500000, 40.325161, 2.000000, 0.066667, 0.000000, -1.000000, 41.325161, 0.000000 
50.000000, 50.500000, -0.500000, 40.314060, 2.000000, 0.066667, 0.000000, -1.000000, 41.314060, 0.000000 
50.000000, 50.500000, -0.500000, 40.302959, 2.000000, 0.066667, 0.000000, -1.000000, 41.302959, 0.000000 
50.000000, 50.500000, -0.500000, 40.291859, 2.000000, 0.066667, 0.000000, -1.000000, 41.291859, 0.000000 
50.000000, 50.500000, -0.500000, 40.280758, 2.000000, 0.066667, 0.000000, -1.000000, 41.280758, 0.000000 
50.000000, 50.500000, -0.500000, 40.269661, 2.000000, 0.066667, 0.000000, -1.000000, 41.269661, 0.000000 
50.000000, 50.500000, -0.500000, 40.258560, 2.000000, 0.066667, 0.000000, -1.000000, 41.258560, 0.000000 
50.000000, 50.500000, -0.500000, 40.247459, 2.000000, 0.066667, 0.000000, -1.000000, 41.247459, 0.000000 
50.000000, 50.500000, -0.500000, 40.236359, 2.000000, 0.066667, 0.000000, -1.000000, 41.236359, 0.000000 
50.000000, 50.500000, -0.500000, 40.225258, 2.000000, 0.066667, 0.000000, -1.000000, 41.225258, 0.000000 
50.000000, 50.500000, -0.500000, 40.214157, 2.000000, 0.066667, 0.000000, -1.000000, 41.214157, 0.000000 
50.000000, 50.500000, -0.500000, 40.203056, 2.000000, 0.066667, 0.000000, -1.000000, 41.203056, 0.000000 
50.000000, 50.500000, -0.500000, 40.191959, 2.000000, 0.066667, 0.000000, -1.000000, 41.191959, 0.000000 
50.000000, 50.500000, -0.500000, 40.180859, 2.000000, 0.066667, 0.000000, -1.000000, 41.180859, 0.000000 
50.000000, 50.500000, -0.500000, 40.169758, 2.000000, 0.066667, 0.000000, -1.000000, 41.169758, 0.000000 
50.000000, 50.500000, -0.500000, 40.158657, 2.000000, 0.066667, 0.000000, -1.000000, 41.158657, 0.000000 
50.000000, 50.500000, -0.500000, 40.147556, 2.000000, 0.066667, 0.000000, -1.000000, 41.147556, 0.000000 
50.000000, 50.500000, -0.500000, 40.136456, 2.000000, 0.066667, 0.000000, -1.000000, 41.136456, 0.000000 
50.000000, 50.500000, -0.500000, 40.125355, 2.000000, 0.066667, 0.000000, -1.000000, 41.125355, 0.000000 
50.000000, 50.500000, -0.500000, 40.114254, 2.000000, 0.066667, 0.000000, -1.000000, 41.114254, 0.000000 
50.000000, 50.500000, -0.500000, 40.103157, 2.000000, 0.066667, 0.000000, -1.000000, 41.103157, 0.000000 
50.000000, 50.500000, -0.500000, 40.092056, 2.000000, 0.066667, 0.000000, -1.000000, 41.092056, 0.000000 
50.000000, 50.500000, -0.500000, 40.080956, 2.000000, 0.066667, 0.000000, -1.000000, 41.080956, 0.000000 
50.000000, 50.500000, -0.500000, 40.069855, 2.000000, 0.066667, 0.000000, -1.000000, 41.069855, 0.000000 
50.000000, 50.500000, -0.500000, 40.058754, 2.000000, 0.066667, 0.000000, -1.000000, 41.058754, 0.000000 
50.000000, 50.500000, -0.500000, 40.047653, 2.000000, 0.066667, 0.000000, -1.000000, 41.047653, 0.000000 
50.000000, 50.500000, -0.500000, 40.036552, 2.000000, 0.066667, 0.000000, -1.000000, 41.036552, 0.000000 
50.000000, 50.500000, -0.500000, 40.025455, 2.000000, 0.066667, 0.000000, -1.000000, 41.025455, 0.000000 
50.000000, 50.500000, -0.500000, 40.014355, 2.000000, 0.066667, 0.000000, -1.000000, 41.014355, 0.000000 
50.000000, 50.500000, -0.500000, 40.003254, 2.000000, 0.066667, 0.000000, -1.000000, 41.003254, 0.000000 
50.000000, 50.500000, -0.500000, 39.992153, 2.000000, 0.066667, 0.000000, -1.000000, 40.992153, 0.000000 
50.000000, 50.500000, -0.500000, 39.981052, 2.000000, 0.066667, 0.000000, -1.000000, 40.981052, 0.000000 
50.000000, 50.500000, -0.500000, 39.969952, 2.000000, 0.066667, 0.000000, -1.000000, 40.969952, 0.000000 
50.000000, 50.500000, -0.500000, 39.958851, 2.000000, 0.066667, 0.000000, -1.000000, 40.958851, 0.000000 
50.000000, 50.500000, -0.500000, 39.947750, 2.000000, 0.066667, 0.000000, -1.000000, 40.947750, 0.000000 
50.000000, 50.500000, -0.500000, 39.936653, 2.000000, 0.066667, 0.000000, -1.000000, 40.936653, 0.000000 
50.000000, 50.500000, -0.500000, 39.925552, 2.000000, 0.066667, 0.000000, -1.000000, 40.925552, 0.000000 
50.000000, 50.500000, -0.500000, 39.914452, 2.000000, 0.066667, 0.000000, -1.000000, 40.914452, 0.000000 
50.000000, 50.500000, -0.500000, 39.903351, 2.000000, 0.066667, 0.000000, -1.000000, 40.903351, 0.000000 
50.000000, 50.500000, -0.500000, 39.892250, 2.000000, 0.066667, 0.000000, -1.000000, 40.892250, 0.000000 
50.000000, 50.500000, -0.500000, 39.881149, 2.000000, 0.066667, 0.000000, -1.000000, 40.881149, 0.000000 
50.000000, 50.500000, -0.500000, 39.870049, 2.000000, 0.066667, 0.000000, -1.000000, 40.870049, 0.000000 
50.000000, 50.500000, -0.500000, 39.858952, 2.000000, 0.066667, 0.000000, -1.000000, 40.858952, 0.000000 
50.000000, 50.500000, -0.500000, 39.847851, 2.000000, 0.066667, 0.000000, -1.000000, 40.847851, 0.000000 
50.000000, 50.500000, -0.500000, 39.836750, 2.000000, 0.066667, 0.000000, -1.000000, 40.836750, 0.000000 
50.000000, 50.500000, -0.500000, 39.825649, 2.000000, 0.066667, 0.000000, -1.000000, 40.825649, 0.000000 
50.000000, 50.500000, -0.500000, 39.814548, 2.000000, 0.066667, 0.000000, -1.000000, 40.814548, 0.000000 
50.000000, 50.500000, -0.500000, 39.803448, 2.000000, 0.066667, 0.000000, -1.000000, 40.803448, 0.000000 
50.000000, 50.500000, -0.500000, 39.792347, 2.000000, 0.066667, 0.000000, -1.000000, 40.792347, 0.000000 
50.000000, 50.500000, -0.500000, 39.781246, 2.000000, 0.066667, 0.000000, -1.000000, 40.781246, 0.000000 
50.000000, 50.500000, -0.500000, 39.770149, 2.000000, 0.066667, 0.000000, -1.000000, 40.770149, 0.000000 
50.000000, 50.500000, -0.500000, 39.759048, 2.000000, 0.066667, 0.000000, -1.000000, 40.759048, 0.000000 
50.000000, 50.500000, -0.500000, 39.747948, 2.000000, 0.066667, 0.000000, -1.000000, 40.747948, 0.000000 
50.000000, 50.500000, -0.500000, 39.736847, 2.000000, 0.066667, 0.000000, -1.000000, 40.736847, 0.000000 
50.000000, 50.500000, -0.500000, 39.725746, 2.000000, 0.066667, 0.000000, -1.000000, 40.725746, 0.000000 
50.000000, 50.500000, -0.500000, 39.714645, 2.000000, 0.066667, 0.000000, -1.000000, 40.714645, 0.000000 
50.000000, 50.500000, -0.500000, 39.703545, 2.000000, 0.066667, 0.000000, -1.000000, 40.703545, 0.000000 
50.000000, 50.500000, -0.500000, 39.692448, 2.000000, 0.066667, 0.000000, -1.000000, 40.692448, 0.000000 
50.000000, 50.000000, 0.000000, 40.692448, 2.000000, 0.066667, 0.000000, 0.000000, 40.692448, 0.000000 
50.000000, 50.000000, 0.000000, 40.692448, 2.000000, 0.066667, 0.000000, 0.000000, 40.692448, 0.000000 
50.000000, 50.000000, 0.000000, 40.692448, 2.000000, 0.066667, 0.000000, 0.000000, 40.692448, 0.000000 
50.000000, 50.000000, 0.000000, 40.692448, 2.000000, 0.066667, 0.000000, 0.000000, 40.692448, 0.000000 
50.000000, 50.000000, 0.000000, 40.692448, 2.000000, 0.066667, 0.000000, 0.000000, 40.692448, 0.000000 
50.000000, 50.000000, 0.000000, 40.692448, 2.000000, 0.066667, 0.000000, 0.000000, 40.692448, 0.000000 
50.000000, 50.000000, 0.000000, 40.692448, 2.000000, 0.066667, 0.000000, 0.000000, 40.692448, 0.000000 
50.000000, 50.500000, -0.500000, 39.681347, 2.000000, 0.066667, 0.000000, -1.000000, 40.681347, -0.000000 
50.000000, 50.500000, -0.500000, 39.670246, 2.000000, 0.066667, 0.000000, -1.000000, 40.670246, 0.000000 
50.000000, 50.500000, -0.500000, 39.659145, 2.000000, 0.066667, 0.000000, -1.000000, 40.659145, 0.000000 
50.000000, 50.000000, 0.000000, 40.659145, 2.000000, 0.066667, 0.000000, 0.000000, 40.659145, 0.000000 
50.000000, 50.500000, -0.500000, 39.648045, 2.000000, 0.066667, 0.000000, -1.000000, 40.648045, -0.000000 
50.000000, 50.500000, -0.500000, 39.636944, 2.000000, 0.066667, 0.000000, -1.000000, 40.636944, 0.000000 
50.000000, 50.500000, -0.500000, 39.625843, 2.000000, 0.066667, 0.000000, -1.000000, 40.625843, 0.000000 
50.000000, 50.500000, -0.500000, 39.614742, 2.000000, 0.066667, 0.000000, -1.000000, 40.614742, 0.000000 
50.000000, 50.000000, 0.000000, 40.614742, 2.000000, 0.066667, 0.000000, 0.000000, 40.614742, 0.000000 
50.000000, 50.000000, 0.000000, 40.614742, 2.000000, 0.066667, 0.000000, 0.000000, 40.614742, 0.000000 
50.000000, 50.000000, 0.000000, 40.614742, 2.000000, 0.066667, 0.000000, 0.000000, 40.614742, 0.000000 
50.000000, 50.500000, -0.500000, 39.603645, 2.000000, 0.066667, 0.000000, -1.000000, 40.603645, -0.000000 
50.000000, 50.000000, 0.000000, 40.603645, 2.000000, 0.066667, 0.000000, 0.000000, 40.603645, 0.000000 
50.000000, 50.500000, -0.500000, 39.592545, 2.000000, 0.066667, 0.000000, -1.000000, 40.592545, -0.000000 
50.000000, 50.500000, -0.500000, 39.581444, 2.000000, 0.066667, 0.000000, -1.000000, 40.581444, 0.000000 
50.000000, 50.000000, 0.000000, 40.581444, 2.000000, 0.066667, 0.000000, 0.000000, 40.581444, 0.000000 
50.000000, 50.500000, -0.500000, 39.570343, 2.000000, 0.066667, 0.000000, -1.000000, 40.570343, -0.000000 
50.000000, 50.000000, 0.000000, 40.570343, 2.000000, 0.066667, 0.000000, 0.000000, 40.570343, 0.000000 
50.000000, 50.500000, -0.500000, 39.559242, 2.000000, 0.066667, 0.000000, -1.000000, 40.559242, -0.000000 
50.000000, 50.500000, -0.500000, 39.548141, 2.000000, 0.066667, 0.000000, -1.000000, 40.548141, 0.000000 
50.000000, 50.500000, -0.500000, 39.537041, 2.000000, 0.066667, 0.000000, -1.000000, 40.537041, 0.000000 
50.000000, 50.500000, -0.500000, 39.525944, 2.000000, 0.066667, 0.000000, -1.000000, 40.525944, 0.000000 
50.000000, 50.500000, -0.500000, 39.514843, 2.000000, 0.066667, 0.000000, -1.000000, 40.514843, 0.000000 
50.000000, 50.500000, -0.500000, 39.503742, 2.000000, 0.066667, 0.000000, -1.000000, 40.503742, 0.000000 
50.000000, 50.500000, -0.500000, 39.492641, 2.000000, 0.066667, 0.000000, -1.000000, 40.492641, 0.000000 
50.000000, 50.000000, 0.000000, 40.492641, 2.000000, 0.066667, 0.000000, 0.000000, 40.492641, 0.000000 
50.000000, 50.500000, -0.500000, 39.481541, 2.000000, 0.066667, 0.000000, -1.000000, 40.481541, -0.000000 
50.000000, 50.500000, -0.500000, 39.470440, 2.000000, 0.066667, 0.000000, -1.000000, 40.470440, 0.000000 
50.000000, 50.500000, -0.500000, 39.459339, 2.000000, 0.066667, 0.000000, -1.000000, 40.459339, 0.000000 
50.000000, 50.500000, -0.500000, 39.448238, 2.000000, 0.066667, 0.000000, -1.000000, 40.448238, 0.000000 
50.000000, 50.500000, -0.500000, 39.437141, 2.000000, 0.066667, 0.000000, -1.000000, 40.437141, 0.000000 
50.000000, 50.500000, -0.500000, 39.426041, 2.000000, 0.066667, 0.000000, -1.000000, 40.426041, 0.000000 
50.000000, 50.500000, -0.500000, 39.414940, 2.000000, 0.066667, 0.000000, -1.000000, 40.414940, 0.000000 
50.000000, 50.000000, 0.000000, 40.414940, 2.000000, 0.066667, 0.000000, 0.000000, 40.414940, 0.000000 
50.000000, 50.000000, 0.000000, 40.414940, 2.000000, 0.066667, 0.000000, 0.000000, 40.414940, 0.000000 
50.000000, 50.000000, 0.000000, 40.414940, 2.000000, 0.066667, 0.000000, 0.000000, 40.414940, 0.000000 
50.000000, 50.000000, 0.000000, 40.414940, 2.000000, 0.066667, 0.000000, 0.000000, 40.414940, 0.000000 
50.000000, 50.000000, 0.000000, 40.414940, 2.000000, 0.066667, 0.000000, 0.000000, 40.414940, 0.000000 
50.000000, 50.000000, 0.000000, 40.414940, 2.000000, 0.066667, 0.000000, 0.000000, 40.414940, 0.000000 
50.000000, 50.000000, 0.000000, 40.414940, 2.000000, 0.066667, 0.000000, 0.000000, 40.414940, 0.000000 
50.000000, 50.500000, -0.500000, 39.403839, 2.000000, 0.066667, 0.000000, -1.000000, 40.403839, -0.000000 
50.000000, 50.000000, 0.000000, 40.403839, 2.000000, 0.066667, 0.000000, 0.000000, 40.403839, 0.000000 
50.000000, 50.000000, 0.000000, 40.403839, 2.000000, 0.066667, 0.000000, 0.000000, 40.403839, 0.000000 
50.000000, 50.000000, 0.000000, 40.403839, 2.000000, 0.066667, 0.000000, 0.000000, 40.403839, 0.000000 
50.000000, 50.000000, 0.000000, 40.403839, 2.000000, 0.066667, 0.000000, 0.000000, 40.403839, 0.000000 
50.000000, 50.000000, 0.000000, 40.403839, 2.000000, 0.066667, 0.000000, 0.000000, 40.403839, 0.000000 
50.000000, 50.000000, 0.000000, 40.403839, 2.000000, 0.066667, 0.000000, 0.000000, 40.403839, 0.000000 
50.000000, 50.000000, 0.000000, 40.403839, 2.000000, 0.066667, 0.000000, 0.000000, 40.403839, 0.000000 
50.000000, 50.000000, 0.000000, 40.403839, 2.000000, 0.066667, 0.000000, 0.000000, 40.403839, 0.000000 
50.000000, 50.000000, 0.000000, 40.403839, 2.000000, 0.066667, 0.000000, 0.000000, 40.403839, 0.000000 
50.000000, 50.000000, 0.000000, 40.403839, 2.000000, 0.066667, 0.000000, 0.000000, 40.403839, 0.000000 
50.000000, 50.000000, 0.000000, 40.403839, 2.000000, 0.066667, 0.000000, 0.000000, 40.403839, 0.000000 
50.000000, 50.000000, 0.000000, 40.403839, 2.000000, 0.066667, 0.000000, 0.000000, 40.403839, 0.000000 
50.000000, 50.000000, 0.000000, 40.403839, 2.000000, 0.066667, 0.000000, 0.000000, 40.403839, 0.000000 
50.000000, 50.000000, 0.000000, 40.403839, 2.000000, 0.066667, 0.000000, 0.000000, 40.403839, 0.000000 
50.000000, 50.000000, 0.000000, 40.403839, 2.000000, 0.066667, 0.000000, 0.000000, 40.403839, 0.000000 
50.000000, 50.000000, 0.000000, 40.403839, 2.000000, 0.066667, 0.000000, 0.000000, 40.403839, 0.000000 
50.000000, 50.000000, 0.000000, 40.403839, 2.000000, 0.066667, 0.000000, 0.000000, 40.403839, 0.000000 
50.000000, 50.000000, 0.000000, 40.403839, 2.000000, 0.066667, 0.000000, 0.000000, 40.403839, 0.000000 
50.000000, 50.000000, 0.000000, 40.403839, 2.000000, 0.066667, 0.000000, 0.000000, 40.403839, 0.000000 
50.000000, 50.000000, 0.000000, 40.403839, 2.000000, 0.066667, 0.000000, 0.000000, 40.403839, 0.000000 
50.000000, 50.000000, 0.000000, 40.403839, 2.000000, 0.066667, 0.000000, 0.000000, 40.403839, 0.000000 
50.000000, 50.000000, 0.000000, 40.403839, 2.000000, 0.066667, 0.000000, 0.000000, 40.403839, 0.000000 
50.000000, 50.000000, 0.000000, 40.403839, 2.000000, 0.066667, 0.000000, 0.000000, 40.403839, 0.000000 
50.000000, 50.000000, 0.000000, 40.403839, 2.000000, 0.066667, 0.000000, 0.000000, 40.403839, 0.000000 
50.000000, 50.000000, 0.000000, 40.403839, 2.000000, 0.066667, 0.000000, 0.000000, 40.403839, 0.000000 
50.000000, 50.000000, 0.000000, 40.403839, 2.000000, 0.066667, 0.000000, 0.000000, 40.403839, 0.000000 
50.000000, 50.000000, 0.000000, 40.403839, 2.000000, 0.066667, 0.000000, 0.000000, 40.403839, 0.000000 
50.000000, 50.000000, 0.000000, 40.403839, 2.000000, 0.066667, 0.000000, 0.000000, 40.403839, 0.000000 
50.000000, 50.000000, 0.000000, 40.403839, 2.000000, 0.066667, 0.000000, 0.000000, 40.403839, 0.000000 
50.000000, 50.000000, 0.000000, 40.403839, 2.000000, 0.066667, 0.000000, 0.000000, 40.403839, 0.000000 
50.000000, 50.000000, 0.000000, 40.403839, 2.000000, 0.066667, 0.000000, 0.000000, 40.403839, 0.000000 
